2 0.5984375 0.9140625 0.1125 0.1171875
2 0.77734375 0.81015625 0.084375 0.090625
2 0.4265625 0.93125 0.1375 0.1375
2 0.19921875 0.8875 0.128125 0.1203125
2 0.2828125 0.8171875 0.103125 0.103125
2 0.42734375 0.690625 0.078125 0.075
2 0.68515625 0.71796875 0.0734375 0.078125
2 0.56484375 0.70234375 0.0734375 0.0734375
2 0.78359375 0.753125 0.0890625 0.090625
2 0.46796875 0.6546875 0.075 0.075
2 0.53046875 0.61875 0.0625 0.0578125
2 0.03046875 0.57109375 0.0609375 0.0796875
2 0.2953125 0.5484375 0.0703125 0.075
2 0.74296875 0.64765625 0.0640625 0.071875
2 0.1390625 0.50390625 0.078125 0.0765625
2 0.3484375 0.7625 0.1 0.1
2 0.63203125 0.8296875 0.096875 0.115625
2 0.6515625 0.6265625 0.0578125 0.05625
2 0.61171875 0.66640625 0.071875 0.071875
2 0.40234375 0.52109375 0.05 0.053125
2 0.18359375 0.47265625 0.0609375 0.0609375
6 0.79765625 0.5421875 0.0875 0.1015625
2 0.19609375 0.57421875 0.09375 0.096875
2 0.01484375 0.52890625 0.0296875 0.0734375
2 0.27890625 0.48671875 0.0546875 0.05625
2 0.34140625 0.47890625 0.04375 0.04375
2 0.3375 0.50625 0.0421875 0.046875
2 0.365625 0.53203125 0.0625 0.0578125
2 0.4765625 0.4875 0.040625 0.0390625
2 0.51171875 0.5 0.0453125 0.040625
2 0.43671875 0.49296875 0.040625 0.0390625
2 0.63203125 0.5546875 0.0390625 0.0359375
2 0.68515625 0.5890625 0.0578125 0.0640625
2 0.578125 0.6015625 0.05625 0.0609375
2 0.603125 0.5765625 0.046875 0.0453125
2 0.78671875 0.58515625 0.0578125 0.0546875
6 0.540625 0.475 0.0546875 0.071875
6 0.56953125 0.49375 0.046875 0.0578125