2 0.3109375 0.88125 0.09296875 0.0984375
2 0.16015625 0.73984375 0.06875 0.0765625
2 0.4734375 0.93828125 0.11328125 0.11875
2 0.70625 0.9453125 0.109375 0.0984375
2 0.640625 0.8578125 0.08515625 0.08671875
2 0.528125 0.70234375 0.06640625 0.06171875
2 0.2703125 0.6703125 0.059375 0.06640625
2 0.39140625 0.6828125 0.0609375 0.06171875
2 0.16640625 0.6828125 0.07421875 0.0765625
2 0.49609375 0.6578125 0.06328125 0.06171875
2 0.44375 0.60859375 0.05390625 0.046875
2 0.95546875 0.67890625 0.078125 0.0640625
2 0.68828125 0.59296875 0.05703125 0.0640625
2 0.2296875 0.5890625 0.0515625 0.06171875
2 0.85078125 0.58515625 0.06484375 0.0640625
2 0.58828125 0.78984375 0.08359375 0.08359375
2 0.296875 0.79140625 0.07578125 0.1015625
2 0.32421875 0.5890625 0.0484375 0.046875
2 0.35390625 0.63671875 0.059375 0.059375
2 0.590625 0.54296875 0.040625 0.04453125
2 0.8140625 0.54453125 0.05 0.0515625
6 0.20078125 0.47421875 0.06875 0.0890625
2 0.7796875 0.640625 0.078125 0.08125
2 0.9765625 0.640625 0.0390625 0.06640625
2 0.71875 0.53671875 0.04453125 0.046875
2 0.659375 0.51484375 0.03671875 0.03671875
2 0.65703125 0.54296875 0.03359375 0.03984375
2 0.6234375 0.56171875 0.05390625 0.046875
2 0.52578125 0.49296875 0.03359375 0.03203125
2 0.48828125 0.49765625 0.0390625 0.03203125
2 0.56328125 0.50703125 0.03359375 0.03203125
2 0.359375 0.5234375 0.03359375 0.0296875
2 0.29921875 0.5453125 0.04609375 0.0546875
2 0.40078125 0.58125 0.04609375 0.0515625
2 0.38203125 0.5515625 0.0390625 0.03671875
2 0.2015625 0.51875 0.0484375 0.04453125
6 0.46640625 0.46640625 0.040625 0.0640625
6 0.43359375 0.478125 0.03671875 0.0515625