2 0.423438 0.824219 0.071875 0.082812
2 0.313281 0.850000 0.082812 0.090625
2 0.364063 0.706250 0.046875 0.056250
2 0.107031 0.882031 0.060937 0.064062
2 0.062500 0.923438 0.046875 0.065625
2 0.351562 0.979688 0.084375 0.040625
2 0.164062 0.800781 0.037500 0.045312
2 0.180469 0.786719 0.017188 0.032813
2 0.104688 0.810156 0.037500 0.039062
2 0.125000 0.794531 0.025000 0.032813
2 0.141406 0.782031 0.020313 0.039062
2 0.078125 0.789062 0.028125 0.037500
2 0.042188 0.769531 0.028125 0.039062
2 0.406250 0.608594 0.031250 0.039062
2 0.358594 0.615625 0.029687 0.034375
2 0.372656 0.659375 0.039062 0.040625
2 0.439063 0.717969 0.053125 0.070312
