2 0.346875 0.89375 0.0984375 0.1375
2 0.48515625 0.94765625 0.1078125 0.1046875
2 0.69140625 0.97109375 0.1046875 0.0578125
2 0.50234375 0.54453125 0.0578125 0.0671875
2 0.23359375 0.69375 0.0734375 0.1109375
2 0.6421875 0.8921875 0.0953125 0.128125
2 0.94453125 0.68359375 0.0765625 0.0890625
2 0.31875 0.49765625 0.05625 0.0890625
2 0.54140625 0.6140625 0.065625 0.084375
2 0.3484375 0.775 0.0875 0.1453125
2 0.39921875 0.5078125 0.05 0.065625
2 0.34296875 0.6078125 0.0609375 0.084375
2 0.865625 0.5515625 0.06875 0.0921875
2 0.8375 0.4953125 0.0515625 0.071875
2 0.41953125 0.575 0.0609375 0.0828125
2 0.5625 0.67734375 0.0734375 0.0921875
2 0.64296875 0.4703125 0.04375 0.0625
2 0.24921875 0.61640625 0.0765625 0.1109375
2 0.7546875 0.471875 0.0421875 0.0640625
2 0.4453125 0.63828125 0.0625 0.0890625
2 0.66875 0.5046875 0.0515625 0.0609375
2 0.5578125 0.40234375 0.0375 0.05
2 0.79453125 0.6203125 0.0796875 0.1109375
2 0.43671875 0.42734375 0.0359375 0.05625
0 0.3 0.3359375 0.046875 0.11875
0 0.32734375 0.3375 0.028125 0.084375
0 0.5140625 0.35 0.040625 0.0625
0 0.5453125 0.36171875 0.04375 0.0734375
2 0.60703125 0.790625 0.0921875 0.134375
2 0.96640625 0.62890625 0.053125 0.1
2 0.7046875 0.48203125 0.0421875 0.0546875
2 0.72265625 0.5453125 0.0625 0.09375
2 0.7078125 0.4359375 0.0390625 0.0515625
2 0.6234375 0.41796875 0.03125 0.046875
2 0.5921875 0.39765625 0.0328125 0.0484375
2 0.515625 0.38046875 0.025 0.0390625
2 0.40703125 0.3890625 0.0375 0.0546875
2 0.3859375 0.45 0.0453125 0.078125
2 0.371875 0.41953125 0.040625 0.0609375
2 0.35234375 0.38125 0.028125 0.04375
2 0.30078125 0.40546875 0.046875 0.06875
2 0.3109375 0.43828125 0.040625 0.0578125
2 0.33515625 0.3625 0.0234375 0.0359375
2 0.36953125 0.3640625 0.0203125 0.03125
2 0.2546875 0.3640625 0.021875 0.0203125