2 0.6109375 0.9078125 0.0859375 0.12890625
2 0.4671875 0.94921875 0.09765625 0.0984375
2 0.25859375 0.96171875 0.09765625 0.0734375
2 0.49296875 0.54375 0.05078125 0.0625
2 0.74453125 0.7203125 0.0625 0.1046875
2 0.31796875 0.875 0.0828125 0.1203125
2 0.0390625 0.6359375 0.06875 0.0828125
2 0.68046875 0.51640625 0.04765625 0.08515625
2 0.446875 0.609375 0.0578125 0.07890625
2 0.621875 0.7890625 0.0734375 0.1390625
2 0.59921875 0.51796875 0.04453125 0.0609375
2 0.6453125 0.6234375 0.05234375 0.0796875
2 0.13125 0.51328125 0.06015625 0.0859375
2 0.16484375 0.46015625 0.0453125 0.0671875
2 0.571875 0.5828125 0.053125 0.07734375
2 0.41953125 0.66953125 0.0640625 0.0859375
2 0.3609375 0.45546875 0.03828125 0.05859375
2 0.7375 0.6421875 0.06640625 0.1046875
2 0.25 0.4453125 0.03671875 0.0609375
2 0.53984375 0.64296875 0.0546875 0.08359375
2 0.33203125 0.48671875 0.0453125 0.05625
2 0.45234375 0.396875 0.0328125 0.04609375
2 0.19453125 0.5890625 0.06953125 0.1046875
2 0.5703125 0.434375 0.03125 0.05390625
0 0.71640625 0.3578125 0.03515625 0.11640625
0 0.6890625 0.35625 0.0203125 0.0828125
0 0.5015625 0.34921875 0.03515625 0.05859375
0 0.46953125 0.3578125 0.0359375 0.0703125
2 0.36328125 0.778125 0.0796875 0.1265625
2 0.02265625 0.5796875 0.04296875 0.09609375
2 0.2984375 0.4609375 0.03671875 0.0515625
2 0.2734375 0.521875 0.053125 0.0890625
2 0.3 0.41484375 0.034375 0.04765625
2 0.3859375 0.40546875 0.02734375 0.04375
2 0.41875 0.38828125 0.028125 0.04609375
2 0.496875 0.3796875 0.021875 0.0375
2 0.60390625 0.39921875 0.03203125 0.0515625
2 0.61875 0.4625 0.0375 0.075
2 0.6359375 0.43359375 0.034375 0.0578125
2 0.659375 0.39765625 0.0234375 0.0421875
2 0.7078125 0.4265625 0.03984375 0.06484375
2 0.69453125 0.45859375 0.034375 0.0546875
2 0.678125 0.38046875 0.01953125 0.03359375
2 0.64375 0.378125 0.0171875 0.02890625
2 0.7578125 0.390625 0.0203125 0.01875