2 0.42421875 0.79296875 0.1640625 0.1796875
2 0.29921875 0.78203125 0.1171875 0.128125
4 0.38359375 0.57421875 0.125 0.175
2 0.7390625 0.815625 0.284375 0.3390625
2 0.19296875 0.6 0.090625 0.1109375
2 0.31328125 0.58671875 0.0734375 0.0890625
2 0.13359375 0.559375 0.084375 0.1109375
2 0.24609375 0.5875 0.0671875 0.1046875
2 0.33203125 0.50625 0.05 0.06875
2 0.26328125 0.51796875 0.0703125 0.071875
2 0.2265625 0.5 0.059375 0.071875
2 0.146875 0.4859375 0.06875 0.0578125
2 0.140625 0.425 0.0625 0.08125
2 0.21171875 0.4484375 0.046875 0.0625
0 0.87578125 0.88359375 0.071875 0.2078125
0 0.89140625 0.8953125 0.075 0.2015625