2 0.692187 0.937500 0.112500 0.109375
2 0.853125 0.767969 0.084375 0.092188
2 0.509375 0.974219 0.131250 0.051562
2 0.242969 0.992969 0.126562 0.014063
2 0.314844 0.942187 0.104688 0.106250
2 0.431250 0.756250 0.081250 0.075000
2 0.722656 0.698438 0.073438 0.081250
2 0.584375 0.721875 0.075000 0.075000
2 0.842187 0.704688 0.090625 0.093750
2 0.463281 0.703125 0.076563 0.075000
2 0.520312 0.642969 0.065625 0.057813
2 0.239844 0.643750 0.070312 0.078125
2 0.761719 0.603125 0.064062 0.075000
2 0.053906 0.646875 0.079687 0.078125
2 0.369531 0.860938 0.101562 0.103125
2 0.700781 0.839063 0.095312 0.121875
2 0.654687 0.610156 0.059375 0.057813
2 0.625000 0.667188 0.071875 0.071875
2 0.346875 0.578906 0.050000 0.054688
2 0.091406 0.598437 0.060937 0.062500
2 0.138281 0.705469 0.095312 0.098437
2 0.199219 0.582031 0.054688 0.057813
2 0.266406 0.552344 0.045312 0.045312
2 0.270313 0.585156 0.040625 0.048438
2 0.310937 0.602344 0.065625 0.057813
2 0.417187 0.516406 0.040625 0.039062
2 0.460938 0.519531 0.046875 0.039062
2 0.375000 0.535156 0.040625 0.039062
2 0.609375 0.538281 0.040625 0.035937
2 0.680469 0.557813 0.057813 0.065625
2 0.566406 0.607812 0.057813 0.062500
2 0.585938 0.572656 0.046875 0.045312
2 0.789062 0.519531 0.059375 0.054688
