2 0.24375 0.86015625 0.090625 0.1078125
2 0.0765625 0.68515625 0.059375 0.0703125
2 0.1765625 0.6765625 0.06875 0.0796875
2 0.38125 0.6765625 0.05625 0.0703125
2 0.559375 0.70859375 0.0625 0.1
6 0.34453125 0.88984375 0.109375 0.1671875
2 0.6359375 0.76171875 0.0703125 0.1171875
2 0.44453125 0.825 0.0671875 0.0953125
2 0.48046875 0.6359375 0.046875 0.0578125
2 0.2203125 0.60078125 0.0359375 0.04375
2 0.2921875 0.578125 0.0296875 0.0375
2 0.378125 0.578125 0.0359375 0.0421875
2 0.3921875 0.53984375 0.0296875 0.0375
2 0.9296875 0.490625 0.028125 0.034375
2 0.5578125 0.59375 0.0390625 0.0515625
2 0.5640625 0.55625 0.028125 0.040625
2 0.503125 0.57421875 0.0296875 0.05
2 0.47890625 0.55703125 0.0265625 0.0390625
2 0.5203125 0.55703125 0.0265625 0.0328125
2 0.54453125 0.51171875 0.021875 0.03125
2 0.4359375 0.51328125 0.0234375 0.028125
2 0.4890625 0.48671875 0.0171875 0.0265625
2 0.47109375 0.5015625 0.01875 0.0265625
6 0.4328125 0.5859375 0.0453125 0.065625
6 0.3125 0.47734375 0.025 0.046875
6 0.59140625 0.47734375 0.021875 0.0390625
4 0.11015625 0.54609375 0.0609375 0.065625