2 0.635938 0.932031 0.090625 0.101562
2 0.762500 0.912500 0.100000 0.096875
2 0.656250 0.782031 0.059375 0.067187
2 0.979688 0.870313 0.040625 0.065625
2 0.907813 0.811719 0.046875 0.054688
2 0.882812 0.802344 0.021875 0.039062
2 0.976562 0.800000 0.046875 0.046875
2 0.947656 0.790625 0.032813 0.040625
2 0.925000 0.782813 0.028125 0.046875
2 0.988281 0.764844 0.023438 0.045312
2 0.574219 0.693750 0.039062 0.046875
2 0.627344 0.683594 0.039062 0.042188
2 0.628906 0.737500 0.048438 0.050000
2 0.579688 0.824219 0.068750 0.085938
