2 0.225000 0.782813 0.065625 0.096875
2 0.925781 0.928125 0.095312 0.131250
2 0.640625 0.946094 0.096875 0.098437
2 0.817969 0.964063 0.107813 0.068750
2 0.332813 0.825000 0.068750 0.121875
2 0.195312 0.714063 0.059375 0.075000
2 0.649219 0.688281 0.054688 0.085938
2 0.686719 0.655469 0.035937 0.073438
2 0.739844 0.621094 0.039062 0.057813
2 0.707031 0.558594 0.035937 0.048438
2 0.658594 0.627344 0.039062 0.051562
2 0.333594 0.744531 0.070312 0.064062
2 0.299219 0.667969 0.048438 0.064062
2 0.193750 0.629687 0.043750 0.053125
2 0.369531 0.607031 0.042188 0.057813
2 0.431250 0.632812 0.040625 0.056250
2 0.454688 0.571875 0.031250 0.040625
2 0.417969 0.520312 0.029687 0.046875
2 0.393750 0.547656 0.034375 0.051562
2 0.378906 0.514844 0.029687 0.035937
