2 0.221094 0.777344 0.067187 0.098437
2 0.917969 0.934375 0.098437 0.131250
2 0.633594 0.949219 0.098437 0.101562
2 0.809375 0.967187 0.109375 0.065625
2 0.327344 0.821094 0.070312 0.123438
2 0.192188 0.709375 0.059375 0.075000
2 0.645312 0.690625 0.056250 0.087500
2 0.682813 0.659375 0.037500 0.075000
2 0.737500 0.625000 0.040625 0.059375
2 0.706250 0.563281 0.037500 0.048438
2 0.656250 0.630469 0.040625 0.051562
2 0.329688 0.741406 0.071875 0.064062
2 0.295312 0.664844 0.050000 0.064062
2 0.191406 0.624219 0.045312 0.054688
2 0.367188 0.604688 0.043750 0.059375
2 0.429688 0.631250 0.040625 0.056250
2 0.453125 0.570312 0.031250 0.040625
2 0.417969 0.519531 0.029687 0.048438
2 0.392969 0.546094 0.035937 0.051562
2 0.378906 0.513281 0.029687 0.035937
