2 0.25078125 0.8046875 0.0734375 0.1015625
2 0.95390625 0.88828125 0.0921875 0.1390625
2 0.67890625 0.93203125 0.1046875 0.1078125
2 0.85625 0.934375 0.1140625 0.0765625
2 0.36171875 0.8375 0.0796875 0.128125
2 0.21484375 0.73984375 0.0640625 0.0796875
2 0.6640625 0.675 0.0625 0.090625
2 0.6984375 0.63828125 0.0421875 0.0765625
2 0.74921875 0.6 0.0453125 0.0625
2 0.71171875 0.540625 0.040625 0.05
2 0.66875 0.6125 0.04375 0.0546875
2 0.3546875 0.7578125 0.075 0.06875
2 0.3140625 0.68515625 0.053125 0.0671875
2 0.20546875 0.65625 0.0484375 0.0578125
2 0.37890625 0.61796875 0.046875 0.0625
2 0.44296875 0.63828125 0.0453125 0.059375
2 0.4609375 0.575 0.034375 0.04375
2 0.4203125 0.52734375 0.0328125 0.05
2 0.3984375 0.55703125 0.0390625 0.0546875
2 0.38046875 0.525 0.0328125 0.0390625
6 0.9046875 0.74765625 0.13125 0.2328125
4 0.0875 0.81953125 0.1375 0.2375
6 0.48203125 0.46015625 0.0390625 0.075