2 0.5078125 0.80234375 0.13359375 0.153125
2 0.63203125 0.8203125 0.09453125 0.11015625
4 0.596875 0.5984375 0.09140625 0.15859375
2 0.19609375 0.75390625 0.2234375 0.296875
2 0.7765625 0.66640625 0.07109375 0.09765625
2 0.6625 0.6265625 0.0578125 0.078125
2 0.84375 0.640625 0.06328125 0.1
2 0.728125 0.6421875 0.046875 0.09609375
2 0.6625 0.54375 0.03671875 0.0625
2 0.7265625 0.57109375 0.0578125 0.06015625
2 0.76640625 0.56171875 0.046875 0.0625
2 0.84765625 0.565625 0.06015625 0.04609375
2 0.8671875 0.5078125 0.04765625 0.07265625
2 0.7921875 0.51484375 0.0359375 0.05546875
0 0.04765625 0.7890625 0.0265625 0.2078125
0 0.0296875 0.796875 0.03125 0.19921875