0 0.28984375 0.703125 0.16484375 0.5890625
2 0.5 0.51875 0.11484375 0.21171875
2 0.8453125 0.51640625 0.1390625 0.18984375
2 0.575 0.46953125 0.06015625 0.12265625
2 0.62265625 0.4921875 0.0828125 0.11796875
2 0.090625 0.65703125 0.1734375 0.671875
6 0.234375 0.37265625 0.1390625 0.2453125
2 0.428125 0.48515625 0.11640625 0.234375
3 0.340625 0.53046875 0.0515625 0.1140625
3 0.41171875 0.5828125 0.06640625 0.1828125
0 0.34765625 0.471875 0.0421875 0.1359375
0 0.4203125 0.515625 0.06484375 0.20546875
2 0.1265625 0.56796875 0.09140625 0.37265625