2 0.074219 0.866406 0.076563 0.101562
2 0.328125 0.861719 0.071875 0.089063
2 0.557031 0.900000 0.082812 0.128125
2 0.652344 0.939063 0.085938 0.100000
2 0.407031 0.993750 0.076563 0.012500
2 0.453906 0.807813 0.060937 0.075000
2 0.121094 0.768750 0.045312 0.056250
2 0.213281 0.739062 0.039062 0.046875
2 0.321875 0.736719 0.046875 0.054688
2 0.338281 0.687500 0.039062 0.046875
2 0.551562 0.753125 0.050000 0.065625
2 0.557031 0.704688 0.035937 0.053125
2 0.481250 0.729688 0.037500 0.065625
2 0.449219 0.708594 0.035937 0.051562
2 0.501563 0.707031 0.034375 0.042188
2 0.531250 0.647656 0.028125 0.039062
2 0.394531 0.653125 0.029687 0.037500
2 0.462500 0.617188 0.021875 0.034375
2 0.438281 0.637500 0.023438 0.034375
