2 0.720313 0.884375 0.106250 0.112500
2 0.861719 0.721094 0.079687 0.085938
2 0.558594 0.946094 0.126562 0.107813
2 0.316406 0.967969 0.120313 0.064062
2 0.378125 0.896094 0.096875 0.098437
2 0.477344 0.724219 0.076563 0.070312
2 0.739062 0.662500 0.068750 0.075000
2 0.616406 0.688281 0.070312 0.070312
2 0.848437 0.664062 0.084375 0.087500
2 0.504687 0.674219 0.071875 0.070312
2 0.553906 0.617969 0.060937 0.054688
2 0.048438 0.743750 0.056250 0.071875
2 0.300000 0.628125 0.065625 0.071875
2 0.772656 0.573438 0.060937 0.068750
2 0.130469 0.636719 0.073438 0.073438
2 0.424219 0.819531 0.095312 0.095312
2 0.724219 0.790625 0.089063 0.112500
2 0.675781 0.584375 0.054688 0.053125
2 0.649219 0.636719 0.067187 0.067187
2 0.395313 0.565625 0.046875 0.050000
2 0.165625 0.590625 0.056250 0.059375
2 0.210156 0.686719 0.089063 0.092188
2 0.261719 0.573438 0.051562 0.053125
2 0.321094 0.542969 0.042188 0.042188
2 0.325781 0.572656 0.039062 0.045312
2 0.363281 0.588281 0.060937 0.054688
2 0.456250 0.506250 0.037500 0.037500
2 0.496875 0.507812 0.043750 0.037500
2 0.420312 0.525000 0.037500 0.037500
2 0.632812 0.520312 0.037500 0.034375
2 0.696094 0.536719 0.054688 0.060937
2 0.595313 0.584375 0.053125 0.059375
2 0.610938 0.552344 0.043750 0.042188
2 0.794531 0.497656 0.054688 0.051562
