2 0.52421875 0.8015625 0.1484375 0.165625
2 0.40234375 0.83203125 0.10625 0.11875
4 0.4140625 0.6078125 0.1078125 0.1671875
2 0.82890625 0.72109375 0.253125 0.31875
2 0.2421875 0.69453125 0.08125 0.1046875
2 0.3515625 0.64296875 0.065625 0.084375
2 0.17265625 0.67578125 0.0734375 0.10625
2 0.28828125 0.665625 0.05625 0.1
2 0.34296875 0.56015625 0.04375 0.065625
2 0.28203125 0.59453125 0.0640625 0.065625
2 0.24140625 0.5890625 0.053125 0.0671875
2 0.1609375 0.6015625 0.0640625 0.0515625
2 0.1359375 0.54609375 0.0546875 0.0765625
2 0.2109375 0.5453125 0.0421875 0.059375
0 0.978125 0.7390625 0.04375 0.209375
0 0.9859375 0.74609375 0.028125 0.2015625