2 0.71640625 0.8296875 0.0828125 0.1078125
2 0.0296875 0.8390625 0.059375 0.146875
2 0.2765625 0.9109375 0.1125 0.115625
2 0.1 0.8953125 0.11875 0.0875
2 0.60234375 0.85 0.090625 0.1328125
2 0.75859375 0.76796875 0.071875 0.084375
2 0.31875 0.65625 0.0703125 0.0953125
2 0.2875 0.6171875 0.05 0.0796875
2 0.24140625 0.5734375 0.05 0.065625
2 0.2859375 0.51796875 0.04375 0.053125
2 0.3203125 0.59375 0.0484375 0.0578125
2 0.6171875 0.771875 0.08125 0.075
2 0.665625 0.703125 0.059375 0.071875
2 0.7765625 0.6859375 0.053125 0.0609375
2 0.60859375 0.63046875 0.053125 0.065625
2 0.5421875 0.64375 0.05 0.0625
2 0.53125 0.578125 0.0390625 0.0453125
2 0.5765625 0.5359375 0.0375 0.0515625
2 0.5953125 0.5671875 0.04375 0.0578125
2 0.61640625 0.5375 0.0359375 0.040625
6 0.07421875 0.703125 0.1484375 0.240625
4 0.87734375 0.8609375 0.159375 0.246875
6 0.521875 0.46171875 0.046875 0.0765625