2 0.597656 0.811719 0.060937 0.073438
2 0.705469 0.825781 0.070312 0.079687
2 0.643750 0.692969 0.040625 0.048438
2 0.906250 0.836719 0.053125 0.054688
2 0.957812 0.871875 0.046875 0.059375
2 0.683594 0.967969 0.076563 0.057813
2 0.844531 0.764844 0.032813 0.039062
2 0.826562 0.752344 0.012500 0.029687
2 0.902344 0.767969 0.032813 0.032813
2 0.880469 0.755469 0.020313 0.029687
2 0.864062 0.743750 0.015625 0.037500
2 0.925781 0.743750 0.023438 0.034375
2 0.957812 0.722656 0.025000 0.035937
2 0.592969 0.604688 0.026562 0.034375
2 0.639844 0.607031 0.026562 0.029687
2 0.629687 0.650781 0.034375 0.035937
2 0.572656 0.713281 0.045312 0.064062
