2 0.167969 0.870313 0.126562 0.146875
2 0.037500 0.592187 0.075000 0.093750
2 0.158594 0.622656 0.095312 0.107813
2 0.407813 0.703125 0.078125 0.093750
2 0.610156 0.811719 0.092188 0.132812
2 0.682031 0.906250 0.101562 0.153125
2 0.426563 0.907031 0.096875 0.126562
2 0.542188 0.692187 0.065625 0.078125
2 0.242188 0.546875 0.050000 0.059375
2 0.338281 0.548438 0.042188 0.050000
2 0.441406 0.580469 0.051562 0.057813
2 0.474219 0.540625 0.042188 0.050000
2 0.653906 0.671875 0.054688 0.068750
2 0.675000 0.628906 0.040625 0.054688
2 0.594531 0.625781 0.042188 0.067187
2 0.571094 0.595313 0.039062 0.053125
2 0.621875 0.611719 0.037500 0.045312
2 0.668750 0.567187 0.031250 0.040625
2 0.538281 0.525781 0.032813 0.039062
2 0.612500 0.514062 0.025000 0.034375
2 0.585156 0.525781 0.026562 0.035937
