0 0.3453125 0.72109375 0.303125 0.5578125
2 0.5046875 0.51796875 0.1625 0.2328125
2 0.8390625 0.43203125 0.18125 0.2171875
2 0.565625 0.45234375 0.0875 0.1328125
2 0.6171875 0.4625 0.109375 0.134375
2 0.153125 0.70234375 0.30625 0.5953125
6 0.21171875 0.440625 0.19375 0.271875
2 0.4265625 0.503125 0.1703125 0.25625
3 0.35234375 0.56796875 0.078125 0.1234375
3 0.434375 0.6015625 0.109375 0.19375
0 0.3453125 0.509375 0.0734375 0.1421875
0 0.4265625 0.534375 0.1125 0.215625
2 0.15390625 0.65625 0.178125 0.384375