2 0.7 0.87265625 0.1125 0.1453125
2 0.56796875 0.94296875 0.1171875 0.1140625
2 0.36796875 0.978125 0.1109375 0.04375
2 0.503125 0.54453125 0.0640625 0.071875
2 0.7875 0.659375 0.084375 0.115625
2 0.40703125 0.90625 0.1078125 0.1359375
2 0.08125 0.7359375 0.0859375 0.096875
2 0.6796875 0.475 0.065625 0.09375
2 0.47265625 0.61875 0.0734375 0.090625
2 0.68359375 0.75390625 0.103125 0.1515625
2 0.60078125 0.4953125 0.0578125 0.06875
2 0.66953125 0.5875 0.06875 0.0890625
2 0.14375 0.59609375 0.078125 0.096875
2 0.16484375 0.53671875 0.059375 0.075
2 0.58828125 0.56484375 0.06875 0.0875
2 0.459375 0.68359375 0.08125 0.0984375
2 0.3546875 0.48828125 0.05 0.065625
2 0.76328125 0.58515625 0.0875 0.1171875
2 0.24375 0.503125 0.05 0.0671875
2 0.57109375 0.63046875 0.071875 0.09375
2 0.33359375 0.525 0.05625 0.065625
2 0.43046875 0.41015625 0.0421875 0.0515625
2 0.22265625 0.65546875 0.090625 0.1171875
2 0.55390625 0.4203125 0.0421875 0.059375
0 0.67890625 0.3125 0.0609375 0.121875
0 0.6515625 0.3171875 0.0390625 0.0859375
0 0.46796875 0.35234375 0.046875 0.065625
0 0.43828125 0.36796875 0.0515625 0.0765625
2 0.4296875 0.8015625 0.10625 0.140625
2 0.053125 0.68515625 0.0640625 0.103125
2 0.29453125 0.50703125 0.046875 0.0578125
2 0.284375 0.57265625 0.071875 0.0984375
2 0.2859375 0.46171875 0.04375 0.0546875
2 0.36796875 0.43359375 0.0359375 0.0484375
2 0.3953125 0.409375 0.0375 0.0515625
2 0.46953125 0.38359375 0.0296875 0.0421875
2 0.57890625 0.378125 0.0421875 0.0578125
2 0.60703125 0.43671875 0.053125 0.08125
2 0.6171875 0.4046875 0.046875 0.0640625
2 0.63203125 0.3640625 0.0328125 0.046875
2 0.6859375 0.38203125 0.053125 0.071875
2 0.68046875 0.415625 0.0453125 0.0609375
2 0.646875 0.34375 0.0265625 0.0375
2 0.6125 0.34921875 0.0234375 0.0328125
2 0.7265625 0.33515625 0.0234375 0.0234375