2 0.28984375 0.88828125 0.1015625 0.115625
2 0.10234375 0.73515625 0.065625 0.075
2 0.20078125 0.71484375 0.0765625 0.0859375
2 0.40390625 0.68984375 0.0625 0.075
2 0.584375 0.7 0.0734375 0.1046875
6 0.39296875 0.90546875 0.1265625 0.175
2 0.66640625 0.74296875 0.0828125 0.121875
2 0.484375 0.82890625 0.0765625 0.1
2 0.496875 0.63671875 0.053125 0.0625
2 0.234375 0.634375 0.0390625 0.046875
2 0.303125 0.603125 0.034375 0.0390625
2 0.38828125 0.5921875 0.040625 0.0453125
2 0.39765625 0.55234375 0.034375 0.0390625
2 0.925 0.4390625 0.03125 0.0375
2 0.56875 0.5859375 0.04375 0.0546875
2 0.5703125 0.54765625 0.0328125 0.04375
2 0.5125 0.5734375 0.034375 0.053125
2 0.4859375 0.559375 0.03125 0.0421875
2 0.5265625 0.55390625 0.0296875 0.034375
2 0.5453125 0.50625 0.025 0.0328125
2 0.43828125 0.5203125 0.025 0.0296875
2 0.4875 0.48828125 0.01875 0.028125
2 0.47109375 0.5046875 0.021875 0.028125
6 0.44375 0.59296875 0.0515625 0.06875
6 0.3109375 0.5 0.0296875 0.0484375
6 0.5875 0.46640625 0.0265625 0.040625
4 0.11875 0.59375 0.0671875 0.071875