2 0.7921875 0.83125 0.08046875 0.1
2 0.940625 0.63984375 0.05234375 0.06484375
2 0.83984375 0.6421875 0.06171875 0.0734375
2 0.63671875 0.66328125 0.04921875 0.06484375
2 0.4625 0.7140625 0.053125 0.0953125
6 0.6953125 0.87109375 0.09375 0.1578125
2 0.3921875 0.77421875 0.05859375 0.1109375
2 0.5890625 0.8171875 0.05859375 0.08984375
2 0.53359375 0.6328125 0.04140625 0.05390625
2 0.7890625 0.57109375 0.03125 0.04140625
2 0.71484375 0.55625 0.0265625 0.034375
2 0.6296875 0.56484375 0.03203125 0.0390625
2 0.61171875 0.528125 0.0265625 0.034375
2 0.071875 0.5359375 0.025 0.03203125
2 0.45234375 0.59921875 0.03359375 0.0484375
2 0.4421875 0.5625 0.02421875 0.0390625
2 0.5046875 0.57421875 0.02421875 0.0484375
2 0.52734375 0.5546875 0.0234375 0.0375
2 0.4859375 0.55859375 0.02421875 0.03046875
2 0.45703125 0.51640625 0.01953125 0.02890625
2 0.56484375 0.50625 0.0203125 0.0265625
2 0.509375 0.4859375 0.0140625 0.025
2 0.52890625 0.4984375 0.01640625 0.025
6 0.57578125 0.578125 0.03828125 0.0625
6 0.684375 0.4578125 0.0203125 0.04453125
6 0.40703125 0.48671875 0.01796875 0.0375
4 0.8921875 0.50546875 0.0546875 0.0609375