2 0.792188 0.831250 0.081250 0.100000
2 0.940625 0.639844 0.053125 0.064062
2 0.839844 0.642969 0.060937 0.073438
2 0.636719 0.663281 0.048438 0.064062
2 0.462500 0.714844 0.053125 0.095312
2 0.392188 0.774219 0.059375 0.110937
2 0.589063 0.817187 0.059375 0.090625
2 0.533594 0.632812 0.042188 0.053125
2 0.789062 0.571094 0.031250 0.042188
2 0.714844 0.556250 0.026562 0.034375
2 0.629687 0.564844 0.031250 0.039062
2 0.611719 0.528125 0.026562 0.034375
2 0.071875 0.535937 0.025000 0.031250
2 0.452344 0.599219 0.032813 0.048438
2 0.442188 0.563281 0.025000 0.039062
2 0.504687 0.574219 0.025000 0.048438
2 0.527344 0.554688 0.023438 0.037500
2 0.485938 0.558594 0.025000 0.029687
2 0.457031 0.516406 0.020313 0.029687
2 0.564844 0.507031 0.020313 0.026562
2 0.510156 0.485938 0.014063 0.025000
2 0.528906 0.498437 0.017188 0.025000
