2 0.24140625 0.83828125 0.109375 0.1140625
2 0.1203125 0.6703125 0.0828125 0.0875
2 0.390625 0.925 0.134375 0.1375
2 0.61640625 0.95859375 0.1265625 0.0828125
2 0.56953125 0.878125 0.1 0.1015625
2 0.4890625 0.70390625 0.0765625 0.0734375
2 0.2421875 0.6234375 0.0703125 0.0765625
2 0.35859375 0.65859375 0.071875 0.071875
2 0.1375 0.615625 0.0875 0.0890625
2 0.46640625 0.65390625 0.0734375 0.0734375
2 0.42421875 0.59609375 0.0625 0.05625
2 0.91328125 0.7625 0.0890625 0.078125
2 0.6671875 0.62734375 0.06875 0.0734375
2 0.21796875 0.5359375 0.0625 0.0703125
2 0.828125 0.65078125 0.0765625 0.075
2 0.53125 0.8015625 0.0984375 0.0984375
2 0.2453125 0.74765625 0.09375 0.1140625
2 0.31015625 0.55390625 0.05625 0.0546875
2 0.33046875 0.60625 0.0703125 0.0703125
2 0.58046875 0.559375 0.0484375 0.0515625
2 0.8 0.60390625 0.059375 0.059375
6 0.2109375 0.41796875 0.084375 0.1
2 0.74765625 0.69140625 0.0921875 0.0953125
2 0.940625 0.72890625 0.0515625 0.071875
2 0.7078125 0.578125 0.053125 0.0546875
2 0.65390625 0.5453125 0.04375 0.04375
2 0.64609375 0.571875 0.040625 0.0453125
2 0.609375 0.584375 0.0625 0.05625
2 0.5265625 0.49765625 0.0390625 0.0375
2 0.4890625 0.4953125 0.04375 0.0390625
2 0.5609375 0.51875 0.0390625 0.0375
2 0.3578125 0.49609375 0.0390625 0.0359375
2 0.29453125 0.50625 0.05625 0.0625
2 0.38671875 0.5609375 0.0546875 0.059375
2 0.37421875 0.528125 0.0453125 0.04375
2 0.203125 0.46171875 0.05625 0.053125
6 0.4734375 0.4609375 0.0515625 0.0703125
6 0.4390625 0.465625 0.0453125 0.0578125