2 0.310937 0.882031 0.093750 0.098437
2 0.160938 0.739844 0.068750 0.076563
2 0.473438 0.939063 0.112500 0.118750
2 0.706250 0.946094 0.109375 0.098437
2 0.640625 0.857812 0.084375 0.087500
2 0.528125 0.702344 0.065625 0.060937
2 0.270313 0.670312 0.059375 0.065625
2 0.391406 0.682813 0.060937 0.062500
2 0.166406 0.683594 0.073438 0.076563
2 0.496094 0.657813 0.064062 0.062500
2 0.443750 0.609375 0.053125 0.046875
2 0.956250 0.678906 0.078125 0.064062
2 0.688281 0.592969 0.057813 0.064062
2 0.230469 0.589063 0.051562 0.062500
2 0.850781 0.585156 0.064062 0.064062
2 0.588281 0.789844 0.082812 0.082812
2 0.296875 0.791406 0.075000 0.101562
2 0.324219 0.589063 0.048438 0.046875
2 0.354687 0.637500 0.059375 0.059375
2 0.590625 0.542969 0.040625 0.045312
2 0.814063 0.544531 0.050000 0.051562
2 0.779687 0.640625 0.078125 0.081250
2 0.977344 0.640625 0.039062 0.065625
2 0.718750 0.537500 0.043750 0.046875
2 0.659375 0.514844 0.037500 0.035937
2 0.657031 0.542969 0.032813 0.039062
2 0.623437 0.562500 0.053125 0.046875
2 0.525781 0.492969 0.032813 0.032813
2 0.488281 0.497656 0.039062 0.032813
2 0.563281 0.507031 0.032813 0.032813
2 0.359375 0.524219 0.034375 0.029687
2 0.299219 0.546094 0.045312 0.054688
2 0.400781 0.582031 0.045312 0.051562
2 0.382031 0.551562 0.039062 0.037500
2 0.202344 0.518750 0.048438 0.043750
