2 0.720313 0.912500 0.093750 0.118750
2 0.248438 0.936719 0.109375 0.054688
2 0.594531 0.927344 0.104688 0.145313
2 0.768750 0.848437 0.081250 0.093750
2 0.296875 0.702344 0.081250 0.104688
2 0.266406 0.658594 0.057813 0.089063
2 0.217969 0.607031 0.057813 0.073438
2 0.270313 0.550000 0.050000 0.059375
2 0.303125 0.634375 0.056250 0.065625
2 0.615625 0.845313 0.090625 0.084375
2 0.671875 0.772656 0.068750 0.079687
2 0.792969 0.760938 0.060937 0.068750
2 0.613281 0.689844 0.060937 0.073438
2 0.541406 0.700781 0.057813 0.070312
2 0.532813 0.629687 0.043750 0.050000
2 0.585156 0.585156 0.042188 0.057813
2 0.603125 0.621094 0.050000 0.064062
2 0.628125 0.589844 0.040625 0.045312
