2 0.225 0.78203125 0.06484375 0.096875
2 0.92578125 0.928125 0.09609375 0.13125
2 0.640625 0.94609375 0.09609375 0.09921875
2 0.8171875 0.9640625 0.1078125 0.06796875
2 0.3328125 0.82421875 0.06875 0.121875
2 0.1953125 0.7140625 0.05859375 0.07421875
2 0.6484375 0.68828125 0.0546875 0.0859375
2 0.6859375 0.65546875 0.0359375 0.07421875
2 0.73984375 0.62109375 0.03984375 0.05859375
2 0.70703125 0.55859375 0.0359375 0.04765625
2 0.65859375 0.6265625 0.03984375 0.0515625
2 0.3328125 0.74453125 0.0703125 0.06328125
2 0.2984375 0.66796875 0.0484375 0.06328125
2 0.19296875 0.6296875 0.04375 0.05390625
2 0.36875 0.60703125 0.0421875 0.05859375
2 0.43125 0.6328125 0.03984375 0.05625
2 0.4546875 0.57109375 0.03125 0.040625
2 0.41796875 0.5203125 0.02890625 0.04765625
2 0.39375 0.54765625 0.03515625 0.0515625
2 0.37890625 0.51484375 0.0296875 0.0359375
6 0.88125 0.78203125 0.1125 0.2234375
4 0.0609375 0.78203125 0.11875 0.228125
6 0.4859375 0.45859375 0.03359375 0.071875