2 0.7734375 0.7484375 0.05546875 0.0609375
2 0.4390625 0.740625 0.05859375 0.0578125
0 0.6859375 0.80546875 0.03984375 0.134375
2 0.534375 0.73828125 0.0515625 0.05
4 0.16640625 0.68828125 0.0640625 0.096875
4 0.24765625 0.69765625 0.0546875 0.10390625
4 0.63515625 0.72265625 0.046875 0.06796875
4 0.446875 0.69921875 0.03671875 0.046875
4 0.5640625 0.71640625 0.04140625 0.0484375
2 0.7328125 0.73046875 0.0328125 0.046875
2 0.4828125 0.728125 0.03984375 0.04453125
2 0.2390625 0.7296875 0.0484375 0.04765625
2 0.3015625 0.72109375 0.0390625 0.04375
2 0.3296875 0.7125 0.0265625 0.04140625
1 0.6828125 0.8609375 0.0296875 0.10390625