2 0.80859375 0.70234375 0.0640625 0.06875
2 0.47734375 0.746875 0.0671875 0.065625
0 0.73125 0.77265625 0.0609375 0.1390625
2 0.57109375 0.7296875 0.059375 0.0578125
4 0.2 0.73828125 0.078125 0.10625
4 0.28203125 0.734375 0.0703125 0.1109375
4 0.66796875 0.6984375 0.05625 0.075
4 0.47890625 0.7046875 0.04375 0.0515625
4 0.596875 0.70390625 0.0484375 0.0546875
2 0.765625 0.69140625 0.0390625 0.0515625
2 0.51875 0.728125 0.046875 0.05
2 0.278125 0.76796875 0.0546875 0.0546875
2 0.33828125 0.74921875 0.0453125 0.05
2 0.36484375 0.73671875 0.0328125 0.0453125
1 0.73671875 0.828125 0.0453125 0.1078125