2 0.0328125 0.6921875 0.065625 0.134375
2 0.30703125 0.728125 0.0890625 0.1078125
2 0.53671875 0.76484375 0.05 0.0515625
2 0.8734375 0.88046875 0.153125 0.2390625
2 0.83046875 0.87109375 0.0609375 0.084375
2 0.62109375 0.82578125 0.1421875 0.16875
2 0.2640625 0.6828125 0.0484375 0.0546875
2 0.28203125 0.703125 0.025 0.040625
2 0.42421875 0.6671875 0.0296875 0.034375
2 0.4515625 0.65390625 0.025 0.028125
2 0.47265625 0.64375 0.0296875 0.0296875
2 0.48984375 0.6671875 0.028125 0.0375
2 0.51328125 0.65390625 0.0265625 0.03125
2 0.5453125 0.665625 0.0296875 0.034375
2 0.51171875 0.62734375 0.0265625 0.0296875
2 0.5625 0.62890625 0.01875 0.025
2 0.5453125 0.62265625 0.0140625 0.0171875
2 0.53203125 0.62421875 0.0140625 0.0171875
2 0.584375 0.6390625 0.015625 0.0171875
2 0.57578125 0.63046875 0.015625 0.0171875
2 0.62109375 0.65859375 0.0171875 0.01875
2 0.56796875 0.734375 0.0375 0.0359375
2 0.675 0.71796875 0.025 0.0265625
2 0.6890625 0.7390625 0.028125 0.0234375
2 0.665625 0.74765625 0.028125 0.028125
2 0.6921875 0.77265625 0.0421875 0.053125
2 0.6421875 0.675 0.021875 0.0265625
2 0.6859375 0.7046875 0.0328125 0.040625
6 0.06640625 0.64453125 0.1328125 0.2046875
6 0.6328125 0.7203125 0.0609375 0.0703125
6 0.6828125 0.671875 0.0390625 0.0671875