2 0.78984375 0.72890625 0.059375 0.0640625
2 0.45625 0.74453125 0.0625 0.0625
0 0.70703125 0.79140625 0.0484375 0.1375
2 0.55078125 0.73515625 0.0546875 0.053125
4 0.18046875 0.7109375 0.0703125 0.1015625
4 0.26171875 0.71484375 0.0625 0.1078125
4 0.65 0.7125 0.0515625 0.0703125
4 0.4609375 0.70234375 0.040625 0.05
4 0.57890625 0.71171875 0.0453125 0.0515625
2 0.7484375 0.71328125 0.0359375 0.0484375
2 0.4984375 0.72890625 0.0421875 0.046875
2 0.25546875 0.74765625 0.0515625 0.0515625
2 0.3171875 0.734375 0.0421875 0.046875
2 0.3453125 0.72421875 0.0296875 0.04375
1 0.7078125 0.84765625 0.0375 0.10625