2 0.690625 0.78125 0.2828125 0.378125
2 0.2921875 0.81171875 0.328125 0.3671875
2 0.91015625 0.628125 0.1796875 0.278125
2 0.80546875 0.6015625 0.1296875 0.19375
2 0.10390625 0.81875 0.1859375 0.3625
2 0.48125 0.67734375 0.09375 0.1625
2 0.625 0.621875 0.134375 0.15625
2 0.42109375 0.7234375 0.1625 0.2390625
2 0.49296875 0.65625 0.09375 0.15
2 0.51796875 0.62890625 0.09375 0.1296875
2 0.7484375 0.57890625 0.0515625 0.0984375
2 0.0609375 0.66796875 0.0828125 0.08125
2 0.97890625 0.675 0.0421875 0.31875