2 0.37265625 0.72421875 0.3515625 0.4109375
2 0.69296875 0.6015625 0.1140625 0.140625
2 0.57109375 0.64921875 0.190625 0.25
2 0.89921875 0.69609375 0.140625 0.16875
2 0.0890625 0.725 0.178125 0.434375
2 0.70390625 0.46171875 0.059375 0.06875
2 0.87890625 0.628125 0.1 0.11875
2 0.47421875 0.54140625 0.0953125 0.0875
2 0.24296875 0.60234375 0.1828125 0.2265625
2 0.82734375 0.46015625 0.0546875 0.059375
2 0.9171875 0.46328125 0.04375 0.05625
2 0.10625 0.47109375 0.096875 0.08125
2 0.15078125 0.40234375 0.0859375 0.103125
2 0.29921875 0.41015625 0.0640625 0.075
2 0.2875 0.46484375 0.075 0.0515625
2 0.496875 0.4078125 0.0484375 0.0609375
2 0.55078125 0.39453125 0.04375 0.0390625
2 0.565625 0.36640625 0.0375 0.040625
2 0.60546875 0.38515625 0.0453125 0.0484375
6 0.93671875 0.3921875 0.071875 0.1296875
6 0.37421875 0.359375 0.0921875 0.1875
6 0.46484375 0.32265625 0.0765625 0.1234375
6 0.53125 0.3109375 0.0734375 0.096875
6 0.609375 0.3203125 0.0609375 0.0953125
2 0.0578125 0.58203125 0.115625 0.2484375