2 0.3328125 0.76640625 0.1953125 0.2546875
2 0.425 0.65625 0.1015625 0.134375
2 0.6890625 0.55625 0.0640625 0.0796875
2 0.76875 0.56484375 0.1140625 0.1765625
2 0.5625 0.5609375 0.0625 0.0640625
2 0.19765625 0.63984375 0.0578125 0.0671875
2 0.1203125 0.66796875 0.0890625 0.096875
2 0.253125 0.6171875 0.04375 0.0484375
2 0.27734375 0.5984375 0.034375 0.0375
2 0.4609375 0.6015625 0.0515625 0.084375
2 0.38828125 0.5765625 0.0234375 0.028125
2 0.4296875 0.58203125 0.028125 0.034375
2 0.46796875 0.5640625 0.0359375 0.046875
2 0.60546875 0.615625 0.10625 0.1453125
2 0.12265625 0.61015625 0.0640625 0.1171875