2 0.4265625 0.746875 0.3234375 0.3890625
2 0.7109375 0.55546875 0.103125 0.134375
2 0.603125 0.62890625 0.171875 0.2390625
2 0.9328125 0.6015625 0.1296875 0.159375
2 0.1140625 0.80390625 0.215625 0.3921875
2 0.68984375 0.4171875 0.0546875 0.0640625
2 0.8984375 0.53984375 0.0921875 0.1125
2 0.484375 0.54609375 0.090625 0.08125
2 0.27265625 0.6578125 0.165625 0.215625
2 0.81015625 0.3875 0.05 0.05625
2 0.8984375 0.3703125 0.0390625 0.053125
2 0.109375 0.56015625 0.0921875 0.075
2 0.1375 0.4828125 0.078125 0.0984375
2 0.284375 0.4578125 0.0578125 0.0703125
2 0.28515625 0.51328125 0.071875 0.0453125
2 0.4765625 0.4109375 0.04375 0.0578125
2 0.52578125 0.3859375 0.040625 0.0359375
2 0.53359375 0.35546875 0.0359375 0.0375
2 0.5765625 0.36484375 0.040625 0.0453125
6 0.90078125 0.296875 0.0625 0.1265625
6 0.34609375 0.390625 0.078125 0.184375
6 0.42578125 0.33515625 0.0671875 0.11875
6 0.48828125 0.30859375 0.0671875 0.0921875
6 0.565625 0.3 0.053125 0.0921875
2 0.07265625 0.6828125 0.1296875 0.2421875