2 0.40546875 0.81171875 0.3265625 0.3765625
2 0.79375 0.73203125 0.36875 0.4015625
2 0.13828125 0.7515625 0.234375 0.2984375
2 0.24140625 0.69140625 0.1515625 0.2046875
2 0.93125 0.7 0.1375 0.415625
2 0.57265625 0.6625 0.1140625 0.1703125
2 0.41875 0.6546875 0.153125 0.1703125
2 0.64453125 0.68828125 0.190625 0.2546875
2 0.5546875 0.64609375 0.1125 0.1578125
2 0.52265625 0.628125 0.1078125 0.1390625
2 0.28828125 0.6515625 0.0640625 0.1015625
2 0.96171875 0.5234375 0.0765625 0.090625
2 0.0859375 0.81953125 0.1109375 0.3171875