2 0.21015625 0.71875 0.284375 0.375
2 0.05390625 0.5875 0.1078125 0.1375
2 0.36875 0.6296875 0.13125 0.15625
2 0.30703125 0.459375 0.04375 0.0578125
2 0.50859375 0.6578125 0.1 0.0984375
2 0.6421875 0.66796875 0.09375 0.1328125
2 0.7 0.665625 0.0546875 0.078125
2 0.490625 0.43046875 0.0359375 0.05
2 0.6953125 0.50078125 0.0421875 0.0484375
2 0.57109375 0.6453125 0.065625 0.096875
2 0.35703125 0.4265625 0.0359375 0.040625
2 0.365625 0.46015625 0.0453125 0.05
2 0.35546875 0.51875 0.05 0.065625
2 0.61796875 0.62890625 0.0265625 0.046875
2 0.74453125 0.54375 0.040625 0.05
2 0.7890625 0.46640625 0.034375 0.0453125
2 0.6515625 0.47734375 0.0390625 0.0453125
2 0.6625 0.4546875 0.0328125 0.0375
6 0.19453125 0.49375 0.075 0.096875