2 0.671875 0.76328125 0.1921875 0.253125
2 0.578125 0.65546875 0.1 0.1328125
2 0.31171875 0.559375 0.0625 0.0796875
2 0.2328125 0.56953125 0.1109375 0.175
2 0.4390625 0.56171875 0.0625 0.0640625
2 0.8046875 0.634375 0.05625 0.0671875
2 0.8828125 0.6609375 0.0875 0.0953125
2 0.74921875 0.61328125 0.04375 0.0484375
2 0.72421875 0.59453125 0.0328125 0.0375
2 0.54140625 0.60078125 0.05 0.084375
2 0.6125 0.57421875 0.0234375 0.028125
2 0.571875 0.58046875 0.0265625 0.034375
2 0.5328125 0.5640625 0.0359375 0.046875
2 0.396875 0.6171875 0.1046875 0.14375
2 0.8796875 0.603125 0.0609375 0.1171875