4 0.7203125 0.51171875 0.23125 0.496875
2 0.05625 0.696875 0.1125 0.25
2 0.146875 0.68671875 0.078125 0.171875
2 0.0546875 0.7203125 0.071875 0.2
2 0.121875 0.703125 0.046875 0.1734375
2 0.1875 0.66640625 0.034375 0.15625
2 0.2125 0.6703125 0.015625 0.1359375
2 0.2265625 0.6640625 0.021875 0.159375
2 0.25625 0.66015625 0.028125 0.140625
2 0.28125 0.64375 0.021875 0.1078125
2 0.29453125 0.63671875 0.0234375 0.0859375
2 0.4984375 0.59765625 0.1171875 0.215625
0 0.9109375 0.6328125 0.034375 0.2046875
0 0.8875 0.63984375 0.0375 0.184375