2 0.7421875 0.7703125 0.25625 0.35625
2 0.92734375 0.6734375 0.1125 0.128125
2 0.60390625 0.65234375 0.1203125 0.146875
2 0.69765625 0.496875 0.0390625 0.05625
2 0.46171875 0.653125 0.09375 0.0921875
2 0.328125 0.63828125 0.084375 0.1265625
2 0.271875 0.62421875 0.0484375 0.0734375
2 0.521875 0.43359375 0.0328125 0.046875
2 0.3078125 0.46328125 0.0375 0.046875
2 0.40234375 0.6296875 0.0578125 0.09375
2 0.65390625 0.4546875 0.0328125 0.0375
2 0.6390625 0.4859375 0.040625 0.046875
2 0.63828125 0.54609375 0.0453125 0.0625
2 0.36015625 0.60390625 0.0234375 0.0453125
2 0.2515625 0.49609375 0.0375 0.0484375
2 0.22265625 0.41171875 0.03125 0.0421875
2 0.35546875 0.4484375 0.0359375 0.0421875
2 0.34921875 0.425 0.03125 0.0359375
6 0.80078125 0.5515625 0.0671875 0.0921875