2 0.04921875 0.77578125 0.0984375 0.1171875
2 0.34921875 0.7578125 0.075 0.0984375
2 0.58203125 0.7546875 0.04375 0.0453125
2 0.9390625 0.8390625 0.10625 0.2875
2 0.890625 0.80859375 0.0484375 0.078125
2 0.67578125 0.8 0.11875 0.1515625
2 0.29921875 0.72109375 0.040625 0.0484375
2 0.3203125 0.7375 0.01875 0.0390625
2 0.4546875 0.67734375 0.025 0.03125
2 0.47890625 0.66015625 0.021875 0.025
2 0.49765625 0.64609375 0.025 0.0265625
2 0.51953125 0.66640625 0.0234375 0.034375
2 0.53984375 0.64921875 0.021875 0.028125
2 0.5734375 0.6546875 0.025 0.03125
2 0.53359375 0.6234375 0.0234375 0.0265625
2 0.584375 0.61640625 0.015625 0.021875
2 0.565625 0.61328125 0.0125 0.015625
2 0.553125 0.61640625 0.0109375 0.015625
2 0.6078125 0.62265625 0.0125 0.015625
2 0.59765625 0.61484375 0.0125 0.015625
2 0.646875 0.63515625 0.0140625 0.0171875
2 0.60703125 0.71875 0.034375 0.03125
2 0.71015625 0.684375 0.021875 0.0234375
2 0.72734375 0.70234375 0.025 0.01875
2 0.70625 0.71484375 0.025 0.025
2 0.73671875 0.73515625 0.034375 0.0484375
2 0.67109375 0.64765625 0.01875 0.0234375
2 0.71875 0.66953125 0.0265625 0.0375
6 0.07734375 0.72109375 0.146875 0.184375
6 0.66875 0.69375 0.0515625 0.0640625
6 0.71015625 0.63671875 0.028125 0.0640625