4 0.28359375 0.5421875 0.2984375 0.525
2 0.946875 0.6328125 0.10625 0.2625
2 0.87578125 0.6359375 0.1 0.18125
2 0.9609375 0.65625 0.078125 0.209375
2 0.90234375 0.6484375 0.071875 0.178125
2 0.8328125 0.62109375 0.0546875 0.159375
2 0.80859375 0.62890625 0.0359375 0.1375
2 0.79375 0.62421875 0.04375 0.1609375
2 0.76328125 0.625 0.046875 0.1421875
2 0.73671875 0.61171875 0.0359375 0.109375
2 0.72265625 0.60703125 0.0359375 0.0890625
2 0.51484375 0.596875 0.146875 0.23125
0 0.11171875 0.6890625 0.0640625 0.2078125
0 0.1359375 0.6921875 0.0640625 0.1890625