2 0.0796875 0.7375 0.159375 0.253125
2 0.66171875 0.88203125 0.2421875 0.2359375
2 0.36875 0.865625 0.221875 0.246875
2 0.89140625 0.559375 0.1390625 0.1765625
2 0.428125 0.46171875 0.1515625 0.15625
2 0.60625 0.53984375 0.1515625 0.171875
2 0.4921875 0.68828125 0.1984375 0.23125
2 0.77734375 0.725 0.1890625 0.2203125
2 0.47734375 0.38359375 0.13125 0.1359375
2 0.07734375 0.32890625 0.1234375 0.1296875
2 0.68359375 0.4359375 0.1125 0.140625
2 0.7734375 0.34453125 0.109375 0.1328125
2 0.878125 0.47109375 0.1171875 0.1453125
2 0.6515625 0.2765625 0.096875 0.121875
2 0.90546875 0.20703125 0.0734375 0.0921875
2 0.784375 0.18359375 0.0796875 0.090625
2 0.8484375 0.12109375 0.0640625 0.075
2 0.37265625 0.19609375 0.0984375 0.1078125
2 0.31796875 0.13046875 0.0890625 0.096875
6 0.959375 0.24296875 0.08125 0.2703125