2 0.08984375 0.7890625 0.178125 0.2375
2 0.709375 0.87578125 0.215625 0.2484375
2 0.4140625 0.8796875 0.1984375 0.228125
2 0.8953125 0.5109375 0.121875 0.165625
2 0.4234375 0.47109375 0.1375 0.1421875
2 0.61015625 0.5265625 0.1359375 0.1578125
2 0.51484375 0.68828125 0.1765625 0.2140625
2 0.80234375 0.68984375 0.1671875 0.2046875
2 0.46328125 0.38671875 0.11875 0.125
2 0.059375 0.38125 0.1109375 0.11875
2 0.67421875 0.4140625 0.0984375 0.13125
2 0.753125 0.3125 0.096875 0.125
2 0.871875 0.425 0.103125 0.1359375
2 0.6234375 0.259375 0.084375 0.1140625
2 0.8671875 0.16015625 0.0640625 0.0859375
2 0.74375 0.1515625 0.071875 0.084375
2 0.79921875 0.08125 0.05625 0.0703125
2 0.33671875 0.2140625 0.0890625 0.1
2 0.27421875 0.15546875 0.08125 0.0890625
6 0.95 0.18359375 0.1 0.2609375