2 0.565625 0.9 0.1234375 0.1296875
2 0.0296875 0.55078125 0.059375 0.0828125
2 0.08125 0.51640625 0.059375 0.071875
2 0.03359375 0.51953125 0.0671875 0.0734375
2 0.53984375 0.68203125 0.071875 0.078125
2 0.60234375 0.74765625 0.08125 0.090625
2 0.1171875 0.5046875 0.040625 0.0640625
2 0.15546875 0.47734375 0.0390625 0.046875
2 0.07734375 0.46484375 0.028125 0.040625
2 0.1203125 0.45546875 0.034375 0.0375
2 0.10546875 0.46953125 0.021875 0.025
2 0.04765625 0.446875 0.0328125 0.0375
2 0.03515625 0.4921875 0.0546875 0.0578125
2 0.21328125 0.41796875 0.0359375 0.03125
2 0.20625 0.43046875 0.025 0.0328125
2 0.17578125 0.47109375 0.0265625 0.040625
2 0.42734375 0.4765625 0.028125 0.0328125
2 0.009375 0.51015625 0.01875 0.0671875