2 0.840625 0.815625 0.146875 0.153125
2 0.65078125 0.86328125 0.1265625 0.146875
2 0.63203125 0.70390625 0.1 0.1140625
2 0.7546875 0.74609375 0.1125 0.1296875
2 0.56328125 0.959375 0.1484375 0.08125
2 0.48203125 0.63359375 0.0796875 0.0828125
2 0.96796875 0.5671875 0.0640625 0.140625
2 0.87109375 0.615625 0.0984375 0.1046875
2 0.98515625 0.65 0.0296875 0.121875
2 0.8171875 0.5890625 0.0796875 0.0921875
2 0.4328125 0.70703125 0.0625 0.0875
2 0.92421875 0.5578125 0.071875 0.1015625
2 0.73515625 0.5671875 0.075 0.0953125
2 0.246875 0.71328125 0.0796875 0.0953125
2 0.39296875 0.55625 0.0625 0.059375
2 0.4296875 0.58359375 0.0625 0.0765625
2 0.46484375 0.590625 0.0640625 0.053125
2 0.35234375 0.4921875 0.040625 0.034375
2 0.3578125 0.5265625 0.04375 0.046875
2 0.64765625 0.48828125 0.0796875 0.0953125
2 0.66015625 0.53671875 0.078125 0.075
2 0.60703125 0.51328125 0.03125 0.071875
2 0.58515625 0.50703125 0.028125 0.0671875
2 0.565625 0.5046875 0.0296875 0.0640625
2 0.5328125 0.475 0.0296875 0.0515625
2 0.546875 0.47578125 0.01875 0.0515625
2 0.76640625 0.5796875 0.046875 0.0828125
2 0.86796875 0.5140625 0.0890625 0.1203125
2 0.81484375 0.5171875 0.0359375 0.06875
2 0.78203125 0.50703125 0.053125 0.0796875
2 0.73984375 0.50078125 0.040625 0.0703125
2 0.7125 0.49921875 0.04375 0.0609375
2 0.68828125 0.48671875 0.0328125 0.0578125
6 0.3625 0.775 0.228125 0.3984375
6 0.17109375 0.575 0.125 0.24375
6 0.28984375 0.52578125 0.1171875 0.190625
6 0.58984375 0.4015625 0.0546875 0.109375
6 0.62890625 0.3828125 0.0265625 0.0953125
6 0.65625 0.38828125 0.05625 0.1328125
6 0.7078125 0.3796875 0.084375 0.1578125
6 0.7609375 0.40546875 0.0515625 0.134375
6 0.81484375 0.4109375 0.0921875 0.1140625
6 0.91328125 0.43046875 0.134375 0.1703125
2 0.521875 0.43515625 0.0390625 0.0578125
2 0.37578125 0.44375 0.0328125 0.0421875
2 0.40625 0.4421875 0.03125 0.0375