2 0.809375 0.696875 0.1359375 0.1515625
2 0.37265625 0.715625 0.1953125 0.2640625
2 0.65703125 0.63984375 0.071875 0.084375
2 0.6171875 0.60703125 0.059375 0.0796875
2 0.5125 0.62265625 0.08125 0.078125
2 0.39453125 0.5609375 0.0515625 0.04375
2 0.028125 0.5796875 0.053125 0.05
2 0.46484375 0.5375 0.040625 0.053125
4 0.515625 0.484375 0.04375 0.0703125
4 0.1890625 0.5109375 0.040625 0.053125
2 0.14296875 0.5546875 0.0375 0.053125
2 0.20078125 0.559375 0.046875 0.053125
2 0.559375 0.5484375 0.046875 0.05
2 0.2625 0.5234375 0.034375 0.05