2 0.75703125 0.75859375 0.2375 0.35
2 0.93515625 0.65 0.1046875 0.1234375
2 0.46953125 0.6546875 0.0890625 0.0875
2 0.69765625 0.4875 0.0359375 0.053125
2 0.3375 0.64609375 0.078125 0.1234375
2 0.51953125 0.43203125 0.03125 0.046875
2 0.30625 0.4734375 0.034375 0.04375
2 0.64140625 0.5296875 0.0390625 0.05625
2 0.64140625 0.47734375 0.0359375 0.053125
2 0.65390625 0.45234375 0.028125 0.040625
2 0.34453125 0.43359375 0.028125 0.0359375
2 0.353125 0.45703125 0.03125 0.0390625
2 0.25078125 0.50703125 0.0359375 0.04375
2 0.21953125 0.425 0.03125 0.0390625
2 0.40859375 0.63203125 0.059375 0.090625
2 0.3625 0.60625 0.021875 0.0375
2 0.2796875 0.6359375 0.053125 0.0828125
2 0.60859375 0.66640625 0.1171875 0.16875
6 0.80546875 0.53515625 0.059375 0.0984375