2 0.06484375 0.68671875 0.12890625 0.07734375
2 0.23515625 0.74375 0.2515625 0.0859375
2 0.65078125 0.94375 0.1546875 0.10546875
2 0.1015625 0.95625 0.19609375 0.084375
2 0.45078125 0.9390625 0.15625 0.11875
2 0.1640625 0.6375 0.0671875 0.059375
2 0.3296875 0.95859375 0.18984375 0.07890625
2 0.26171875 0.6375 0.0703125 0.06328125
2 0.42265625 0.8265625 0.10703125 0.10859375
4 0.9625 0.76328125 0.071875 0.203125
2 0.69765625 0.928125 0.12734375 0.115625
2 0.8328125 0.8109375 0.10546875 0.1015625
2 0.79453125 0.8609375 0.10234375 0.10703125
2 0.478125 0.928125 0.14453125 0.12578125
2 0.43671875 0.659375 0.07890625 0.08203125
2 0.59140625 0.84765625 0.12578125 0.1015625
2 0.675 0.55390625 0.05546875 0.05078125
2 0.90390625 0.9515625 0.14296875 0.09296875
2 0.36328125 0.63515625 0.07578125 0.06796875
2 0.753125 0.89140625 0.10703125 0.115625
3 0.77890625 0.7234375 0.05703125 0.059375
0 0.2390625 0.65390625 0.01875 0.0609375
1 0.2390625 0.6796875 0.03203125 0.0421875
0 0.45859375 0.675 0.01484375 0.103125
0 0.53046875 0.66484375 0.0234375 0.06484375
0 0.7703125 0.7109375 0.0203125 0.0984375
0 0.9 0.70546875 0.021875 0.07734375
3 0.90078125 0.72421875 0.046875 0.06796875
2 0.20859375 0.615625 0.0453125 0.0609375
2 0.3265625 0.54921875 0.0421875 0.03671875
2 0.37890625 0.53828125 0.04375 0.03359375
2 0.4015625 0.584375 0.05859375 0.040625
2 0.434375 0.50859375 0.03359375 0.03359375
2 0.48515625 0.5421875 0.04375 0.03359375
2 0.4953125 0.57734375 0.05 0.04375
2 0.49140625 0.62578125 0.046875 0.04375
2 0.56328125 0.6640625 0.1328125 0.0734375
2 0.55234375 0.73046875 0.090625 0.06640625
2 0.51953125 0.7703125 0.0859375 0.07734375
2 0.68828125 0.78203125 0.09375 0.08203125
2 0.64765625 0.809375 0.10078125 0.07734375
2 0.8375 0.66796875 0.1375 0.06484375
2 0.83828125 0.6203125 0.071875 0.0421875
2 0.77578125 0.57109375 0.0453125 0.0421875
2 0.74296875 0.5515625 0.0265625 0.0453125
2 0.5734375 0.534375 0.03671875 0.03828125
2 0.6375 0.54375 0.03671875 0.04375
2 0.17734375 0.52109375 0.03515625 0.040625
4 0.21640625 0.4859375 0.05 0.071875
2 0.565625 0.5984375 0.0671875 0.0578125