2 0.45234375 0.715625 0.16875 0.2015625
2 0.65859375 0.81171875 0.184375 0.209375
2 0.59921875 0.4921875 0.1296875 0.1578125
2 0.7953125 0.48203125 0.115625 0.11875
2 0.95 0.54296875 0.1 0.1390625
2 0.27265625 0.71796875 0.1671875 0.2
2 0.09375 0.32109375 0.078125 0.0859375
2 0.46953125 0.4609375 0.1109375 0.1265625
2 0.35625 0.2265625 0.0671875 0.0796875
2 0.6828125 0.2953125 0.0890625 0.096875
2 0.221875 0.28515625 0.075 0.0859375
2 0.8296875 0.875 0.2203125 0.1859375
2 0.25703125 0.2328125 0.0609375 0.0734375
2 0.83359375 0.375 0.1015625 0.10625
2 0.0578125 0.27734375 0.0625 0.0765625
2 0.93984375 0.13828125 0.0375 0.0734375
2 0.3828125 0.15703125 0.05625 0.065625
2 0.83984375 0.19140625 0.096875 0.1609375
2 0.75078125 0.065625 0.040625 0.0578125
2 0.7140625 0.05078125 0.0375 0.040625
2 0.67109375 0.0765625 0.04375 0.0328125
2 0.63515625 0.0578125 0.040625 0.04375
2 0.584375 0.278125 0.090625 0.11875
2 0.3484375 0.08046875 0.0359375 0.046875
6 0.0875 0.1828125 0.096875 0.125
6 0.18203125 0.17734375 0.128125 0.1859375
6 0.25390625 0.159375 0.0703125 0.1125
6 0.2171875 0.0984375 0.0765625 0.1234375
6 0.30390625 0.09609375 0.05625 0.0984375
6 0.70546875 0.16328125 0.1046875 0.146875
6 0.8 0.09921875 0.084375 0.146875
6 0.66953125 0.03203125 0.0859375 0.0640625
2 0.5640625 0.028125 0.05625 0.05625
2 0.58359375 0.07734375 0.0640625 0.084375
2 0.60234375 0.140625 0.0828125 0.11875