2 0.4109375 0.8640625 0.05703125 0.071875
2 0.69765625 0.9078125 0.06640625 0.075
2 0.28203125 0.94296875 0.06875 0.08515625
4 0.221875 0.8171875 0.103125 0.16328125
4 0.728125 0.75234375 0.08125 0.13984375
2 0.42890625 0.75234375 0.0421875 0.053125
2 0.58046875 0.79609375 0.04765625 0.05859375
2 0.32421875 0.85625 0.06015625 0.075
2 0.33125 0.81328125 0.053125 0.06015625
2 0.3953125 0.9796875 0.06640625 0.03671875
2 0.6140625 0.83828125 0.05234375 0.06328125
4 0.86484375 0.93984375 0.09921875 0.11640625
2 0.5859375 0.890625 0.06015625 0.071875
2 0.36953125 0.73359375 0.0390625 0.05
2 0.59921875 0.84140625 0.08125 0.125
2 0.65859375 0.80078125 0.0390625 0.05859375
2 0.64375 0.775 0.04140625 0.05
2 0.6046875 0.75078125 0.03125 0.046875
2 0.63203125 0.72890625 0.0296875 0.0296875
2 0.44375 0.71015625 0.03203125 0.03984375
2 0.3796875 0.70703125 0.028125 0.03671875
2 0.39375 0.6953125 0.0234375 0.03984375
2 0.4 0.68359375 0.02421875 0.03671875
2 0.4109375 0.6703125 0.01640625 0.03984375
2 0.4546875 0.68984375 0.03125 0.0453125
2 0.528125 0.6625 0.021875 0.0296875
2 0.60546875 0.70078125 0.02421875 0.03359375
4 0.70390625 0.71328125 0.0609375 0.12109375
4 0.571875 0.65234375 0.02890625 0.046875
2 0.55859375 0.73515625 0.03671875 0.04296875
2 0.55234375 0.709375 0.03125 0.03125
2 0.54765625 0.68671875 0.02890625 0.028125
2 0.5953125 0.68046875 0.0234375 0.03359375