2 0.50234375 0.75078125 0.1375 0.1515625
2 0.771875 0.70078125 0.1421875 0.134375
2 0.28515625 0.78984375 0.1640625 0.1765625
2 0.30625 0.6203125 0.1203125 0.1296875
2 0.7203125 0.665625 0.115625 0.1
2 0.84453125 0.30234375 0.0875 0.1078125
2 0.51484375 0.64296875 0.1171875 0.125
2 0.73828125 0.2578125 0.0578125 0.0671875
6 0.4625 0.43125 0.1703125 0.2859375
6 0.29921875 0.4359375 0.1640625 0.2640625
6 0.31875 0.32890625 0.1203125 0.225
6 0.33203125 0.28828125 0.1140625 0.2296875
6 0.42265625 0.26328125 0.0828125 0.13125
6 0.48515625 0.23046875 0.071875 0.1375
6 0.41953125 0.18828125 0.0578125 0.1078125
6 0.93984375 0.234375 0.06875 0.19375
6 0.89609375 0.21171875 0.0765625 0.209375
6 0.86015625 0.234375 0.06875 0.121875
6 0.7671875 0.2125 0.0796875 0.1296875
6 0.709375 0.21171875 0.0609375 0.109375
2 0.2125 0.9234375 0.265625 0.153125
2 0.246875 0.2046875 0.0390625 0.0578125
2 0.60703125 0.45703125 0.090625 0.0859375
2 0.64375 0.5078125 0.103125 0.1140625
2 0.68515625 0.26171875 0.0453125 0.0546875
2 0.79921875 0.24296875 0.0484375 0.0546875
2 0.51875 0.29453125 0.0578125 0.0546875
2 0.63203125 0.253125 0.0390625 0.0453125