2 0.55546875 0.7140625 0.1640625 0.1984375
2 0.35234375 0.81640625 0.178125 0.2046875
2 0.40078125 0.49609375 0.125 0.1546875
2 0.2046875 0.4921875 0.1125 0.115625
2 0.04921875 0.55859375 0.0984375 0.1359375
2 0.73515625 0.71015625 0.1625 0.1953125
2 0.9 0.30703125 0.075 0.084375
2 0.5296875 0.46015625 0.10625 0.1234375
2 0.634375 0.221875 0.065625 0.078125
2 0.31015625 0.3015625 0.0859375 0.0953125
2 0.7703125 0.27578125 0.071875 0.084375
2 0.18359375 0.8859375 0.215625 0.1796875
2 0.73359375 0.22421875 0.0578125 0.071875
2 0.1625 0.38671875 0.0984375 0.1046875
2 0.934375 0.26171875 0.059375 0.075
2 0.04765625 0.15390625 0.034375 0.071875
2 0.6046875 0.153125 0.0546875 0.0640625
2 0.14921875 0.203125 0.090625 0.159375
2 0.234375 0.07421875 0.0390625 0.0578125
2 0.2703125 0.05859375 0.0359375 0.0390625
2 0.3140625 0.0828125 0.04375 0.0328125
2 0.34921875 0.06328125 0.0390625 0.0421875
2 0.40859375 0.28125 0.0859375 0.115625
2 0.63671875 0.075 0.034375 0.046875
6 0.90078125 0.16875 0.09375 0.121875
6 0.80703125 0.16640625 0.121875 0.1828125
6 0.73359375 0.15078125 0.0671875 0.1109375
6 0.76875 0.0890625 0.0734375 0.121875
6 0.68203125 0.0890625 0.053125 0.096875
6 0.28359375 0.17109375 0.1 0.1453125
6 0.1859375 0.109375 0.0796875 0.1453125
6 0.31328125 0.034375 0.0828125 0.06875
2 0.4171875 0.02890625 0.053125 0.0578125
2 0.4015625 0.08046875 0.0609375 0.0828125
2 0.38515625 0.14453125 0.0796875 0.1171875