2 0.940625 0.64765625 0.11875 0.0890625
2 0.78515625 0.71953125 0.2578125 0.1078125
2 0.38828125 0.94765625 0.1640625 0.1046875
2 0.9171875 0.91953125 0.165625 0.1015625
2 0.5875 0.9328125 0.165625 0.13125
2 0.846875 0.6078125 0.071875 0.065625
2 0.709375 0.9421875 0.1953125 0.0953125
2 0.74921875 0.61640625 0.075 0.06875
2 0.60546875 0.81875 0.115625 0.1171875
4 0.0625 0.80234375 0.0890625 0.209375
2 0.340625 0.93984375 0.1375 0.1203125
2 0.1953125 0.8390625 0.1140625 0.1109375
2 0.23828125 0.88515625 0.1109375 0.115625
2 0.559375 0.92421875 0.1546875 0.1375
2 0.5765625 0.653125 0.0859375 0.0890625
2 0.4390625 0.8546875 0.134375 0.1125
2 0.33046875 0.56875 0.059375 0.0546875
2 0.1359375 0.96640625 0.15 0.0671875
2 0.64765625 0.62265625 0.08125 0.075
2 0.28203125 0.91171875 0.1171875 0.125
3 0.24140625 0.746875 0.0625 0.0640625
0 0.7734375 0.63046875 0.0234375 0.0625
1 0.77578125 0.65625 0.0359375 0.0453125
0 0.55625 0.67109375 0.0234375 0.1046875
0 0.484375 0.6671875 0.0296875 0.0671875
0 0.24921875 0.73359375 0.028125 0.1
0 0.11953125 0.73984375 0.028125 0.0796875
3 0.1203125 0.75859375 0.053125 0.071875
2 0.8 0.58984375 0.05 0.0640625
2 0.67734375 0.53359375 0.0453125 0.040625
2 0.62421875 0.52734375 0.046875 0.0375
2 0.60546875 0.57578125 0.0625 0.0453125
2 0.56640625 0.503125 0.0359375 0.0359375
2 0.51875 0.540625 0.046875 0.0375
2 0.51171875 0.5765625 0.053125 0.0484375
2 0.51953125 0.62421875 0.05 0.0484375
2 0.4515625 0.66875 0.1390625 0.084375
2 0.46796875 0.734375 0.0953125 0.0734375
2 0.50390625 0.77109375 0.0921875 0.084375
2 0.33671875 0.79765625 0.1 0.090625
2 0.3796875 0.82109375 0.1078125 0.0859375
2 0.178125 0.696875 0.1421875 0.0765625
2 0.1734375 0.64921875 0.075 0.0484375
2 0.23125 0.59453125 0.0484375 0.0453125
2 0.2625 0.57265625 0.0296875 0.046875
2 0.4296875 0.540625 0.040625 0.040625
2 0.3671875 0.55546875 0.040625 0.046875
2 0.8234375 0.49296875 0.0390625 0.04375
4 0.78125 0.4609375 0.05625 0.0765625
2 0.44296875 0.60390625 0.071875 0.0640625