2 0.80234375 0.7078125 0.13046875 0.146875
2 0.36484375 0.7109375 0.18671875 0.2578125
2 0.65234375 0.6453125 0.06953125 0.08203125
2 0.61328125 0.6109375 0.05625 0.078125
2 0.50859375 0.62265625 0.078125 0.075
2 0.3921875 0.55703125 0.05 0.0421875
2 0.02578125 0.56328125 0.0515625 0.0484375
2 0.46328125 0.5359375 0.0390625 0.05234375
4 0.51640625 0.48515625 0.04140625 0.06875
4 0.1890625 0.5 0.0390625 0.05234375
2 0.14140625 0.5421875 0.03515625 0.05234375
2 0.19921875 0.54921875 0.0453125 0.05234375
2 0.5578125 0.55078125 0.0453125 0.04921875
2 0.26171875 0.51484375 0.0328125 0.04921875