2 0.459375 0.74765625 0.1171875 0.134375
2 0.73359375 0.7453125 0.125 0.1140625
2 0.2375 0.7484375 0.1390625 0.15625
2 0.28828125 0.58515625 0.103125 0.1140625
2 0.68828125 0.7015625 0.103125 0.0828125
2 0.8734375 0.365625 0.071875 0.096875
2 0.48984375 0.64296875 0.1 0.109375
2 0.77734375 0.303125 0.0484375 0.059375
6 0.475 0.4265625 0.125 0.26875
6 0.31328125 0.4015625 0.1234375 0.2484375
6 0.3515625 0.3 0.084375 0.215625
6 0.371875 0.2625 0.0765625 0.221875
6 0.46484375 0.25390625 0.0625 0.1234375
6 0.53203125 0.23203125 0.05 0.13125
6 0.475 0.17890625 0.040625 0.103125
6 0.97890625 0.31484375 0.0359375 0.190625
6 0.93984375 0.28515625 0.0421875 0.20625
6 0.90078125 0.30078125 0.05 0.1171875
6 0.81328125 0.26328125 0.059375 0.121875
6 0.75625 0.25234375 0.04375 0.103125
2 0.1375 0.90390625 0.2375 0.1921875
2 0.3015625 0.16484375 0.0296875 0.0546875
2 0.6125 0.47578125 0.0796875 0.0734375
2 0.640625 0.5328125 0.0875 0.1
2 0.72421875 0.29765625 0.0390625 0.0484375
2 0.83984375 0.2984375 0.0421875 0.0484375
2 0.5546875 0.30078125 0.0515625 0.046875
2 0.67265625 0.2796875 0.03125 0.040625