2 0.4265625 0.81953125 0.13125 0.1484375
2 0.64765625 0.8 0.14375 0.1421875
2 0.57421875 0.778125 0.103125 0.1296875
2 0.7390625 0.7765625 0.09375 0.1125
2 0.35078125 0.7828125 0.0734375 0.096875
2 0.24140625 0.77109375 0.08125 0.096875
2 0.1390625 0.79765625 0.1125 0.16875
2 0.49296875 0.76484375 0.078125 0.08125
2 0.88046875 0.72734375 0.084375 0.0609375
2 0.96171875 0.7359375 0.0765625 0.059375
2 0.77109375 0.75078125 0.075 0.090625
2 0.31015625 0.76328125 0.053125 0.0859375
2 0.81953125 0.73046875 0.0421875 0.0515625