2 0.6078125 0.85859375 0.0609375 0.075
2 0.32421875 0.91796875 0.0703125 0.078125
2 0.740625 0.93125 0.0734375 0.0890625
4 0.79453125 0.80234375 0.1109375 0.16875
4 0.28515625 0.7640625 0.0890625 0.14375
2 0.584375 0.7484375 0.0453125 0.0546875
2 0.43515625 0.8 0.05 0.0609375
2 0.69453125 0.846875 0.0640625 0.078125
2 0.68515625 0.80390625 0.05625 0.0625
2 0.6296875 0.9734375 0.06875 0.040625
2 0.40390625 0.84375 0.05625 0.065625
4 0.15859375 0.9484375 0.1046875 0.103125
2 0.434375 0.89453125 0.0640625 0.075
2 0.6421875 0.7265625 0.0421875 0.0515625
2 0.41875 0.84609375 0.0875 0.1296875
2 0.35703125 0.80859375 0.0421875 0.0609375
2 0.37109375 0.78203125 0.04375 0.0515625
2 0.40859375 0.75625 0.034375 0.0484375
2 0.38046875 0.73515625 0.03125 0.03125
2 0.5671875 0.70703125 0.034375 0.0421875
2 0.63125 0.70078125 0.0296875 0.0375
2 0.61640625 0.68984375 0.025 0.040625
2 0.609375 0.678125 0.0265625 0.0375
2 0.59765625 0.665625 0.01875 0.040625
2 0.55546875 0.6875 0.0328125 0.046875
2 0.48046875 0.6640625 0.0234375 0.03125
2 0.40546875 0.70625 0.0265625 0.034375
4 0.3078125 0.7234375 0.0671875 0.1234375
4 0.4359375 0.65625 0.03125 0.0484375
2 0.45390625 0.73828125 0.0390625 0.0453125
2 0.45859375 0.71171875 0.0328125 0.0328125
2 0.4625 0.6890625 0.0296875 0.0296875
2 0.4140625 0.68515625 0.025 0.034375