2 0.34140625 0.78671875 0.1625 0.175
2 0.559375 0.82890625 0.1734375 0.171875
2 0.49453125 0.78828125 0.13125 0.15
2 0.65390625 0.83125 0.1171875 0.13125
2 0.27890625 0.73125 0.09375 0.1109375
2 0.1765625 0.6890625 0.1015625 0.1140625
2 0.07265625 0.68671875 0.1453125 0.1890625
2 0.4203125 0.753125 0.0953125 0.096875
2 0.803125 0.8234375 0.096875 0.0796875
2 0.88125 0.85546875 0.0921875 0.0765625
2 0.69140625 0.815625 0.09375 0.1046875
2 0.24453125 0.70078125 0.071875 0.0953125
2 0.74375 0.809375 0.053125 0.059375