2 0.48203125 0.87421875 0.0703125 0.08125
2 0.771875 0.8625 0.0796875 0.0859375
2 0.3703125 0.9640625 0.084375 0.071875
4 0.2875 0.8640625 0.1328125 0.1796875
4 0.771875 0.70390625 0.10625 0.153125
2 0.478125 0.7609375 0.0515625 0.0609375
2 0.63515625 0.775 0.0578125 0.0671875
2 0.3953125 0.88359375 0.0734375 0.084375
2 0.39375 0.83984375 0.0640625 0.06875
2 0.4890625 0.9828125 0.071875 0.034375
2 0.6765625 0.81015625 0.0640625 0.071875
4 0.940625 0.86171875 0.11875 0.1328125
2 0.65859375 0.8671875 0.0734375 0.0828125
2 0.41640625 0.75390625 0.0484375 0.05625
2 0.6625 0.81640625 0.103125 0.1375
2 0.71328125 0.76484375 0.05 0.065625
2 0.69375 0.7421875 0.05 0.05625
2 0.65078125 0.7265625 0.0390625 0.0515625
2 0.6734375 0.69921875 0.034375 0.034375
2 0.48515625 0.7171875 0.0390625 0.0453125
2 0.42109375 0.7265625 0.034375 0.0421875
2 0.4328125 0.71171875 0.03125 0.04375
2 0.43671875 0.69921875 0.03125 0.040625
2 0.4453125 0.684375 0.0234375 0.0421875
2 0.49140625 0.6953125 0.0390625 0.05
2 0.55859375 0.65390625 0.0265625 0.0328125
2 0.6421875 0.67734375 0.0296875 0.0375
4 0.740625 0.6703125 0.0828125 0.13125
4 0.6 0.6359375 0.0375 0.0515625
2 0.60234375 0.71953125 0.04375 0.0484375
2 0.59140625 0.6953125 0.0359375 0.0359375
2 0.58203125 0.67421875 0.034375 0.0328125
2 0.628125 0.65859375 0.0296875 0.0375