2 0.46875 0.3453125 0.1515625 0.1828125
2 0.803125 0.18828125 0.1171875 0.1453125
2 0.8296875 0.54296875 0.340625 0.4859375
2 0.38515625 0.2859375 0.0875 0.1078125
2 0.2546875 0.2765625 0.0609375 0.0734375
2 0.10625 0.4046875 0.1625 0.2359375
2 0.49765625 0.1796875 0.0328125 0.0359375
2 0.52421875 0.17578125 0.03125 0.0421875
2 0.5625 0.1671875 0.0359375 0.0453125
2 0.6390625 0.18671875 0.1234375 0.1828125
2 0.2875 0.22578125 0.0359375 0.0453125
2 0.2328125 0.6703125 0.378125 0.48125
6 0.60703125 0.115625 0.075 0.1140625