2 0.39296875 0.890625 0.13125 0.1546875
2 0.88359375 0.853125 0.1390625 0.1546875
2 0.27109375 0.7828125 0.096875 0.11875
2 0.33984375 0.68046875 0.06875 0.075
2 0.64609375 0.84296875 0.1078125 0.178125
2 0.6765625 0.63203125 0.0609375 0.06875
2 0.9140625 0.73671875 0.1 0.1109375
2 0.42109375 0.7234375 0.0875 0.109375
2 0.6109375 0.7 0.078125 0.0890625
2 0.15234375 0.86015625 0.128125 0.184375
2 0.70390625 0.75 0.0921875 0.0953125
2 0.26875 0.6671875 0.0625 0.0609375
2 0.75234375 0.61484375 0.059375 0.06875
2 0.8234375 0.65 0.078125 0.1078125
2 0.1875 0.7296875 0.09375 0.1296875
2 0.0421875 0.67109375 0.0546875 0.059375
2 0.38125 0.58203125 0.0328125 0.0390625
2 0.4203125 0.59453125 0.0375 0.0359375
2 0.459375 0.6328125 0.05625 0.0515625
2 0.44765625 0.671875 0.059375 0.071875
2 0.57578125 0.634375 0.05 0.0546875
2 0.64453125 0.6140625 0.0296875 0.0609375
2 0.62890625 0.59296875 0.0265625 0.0609375
2 0.61015625 0.5796875 0.025 0.0484375
2 0.9515625 0.565625 0.0359375 0.053125
2 0.98359375 0.56875 0.0328125 0.046875
2 0.95859375 0.55390625 0.0515625 0.059375
2 0.48515625 0.56953125 0.0390625 0.05
4 0.69296875 0.52578125 0.06875 0.1078125