2 0.89609375 0.759375 0.140625 0.0984375
2 0.71875 0.7859375 0.2625 0.128125
2 0.27421875 0.9109375 0.1703125 0.13125
2 0.81328125 0.9796875 0.2078125 0.040625
2 0.471875 0.934375 0.175 0.13125
2 0.80703125 0.69375 0.0765625 0.0703125
2 0.5875 0.9625 0.2 0.075
2 0.7109375 0.6765625 0.0796875 0.075
2 0.51953125 0.83515625 0.125 0.125
4 0.02578125 0.678125 0.0515625 0.2125
2 0.23125 0.8875 0.1453125 0.1359375
2 0.11796875 0.7484375 0.121875 0.11875
2 0.14765625 0.8046875 0.11875 0.1234375
2 0.446875 0.92578125 0.1640625 0.1484375
2 0.534375 0.66796875 0.0921875 0.09375
2 0.35 0.8265625 0.1421875 0.121875
2 0.31796875 0.52265625 0.0640625 0.059375
2 0.05078125 0.8734375 0.1015625 0.115625
2 0.6109375 0.65703125 0.0859375 0.0796875
2 0.1828125 0.84140625 0.125 0.1328125
3 0.18671875 0.671875 0.0671875 0.06875
0 0.73046875 0.696875 0.0296875 0.0625
1 0.72578125 0.72265625 0.0390625 0.046875
0 0.51015625 0.6796875 0.0328125 0.1046875
0 0.44140625 0.65703125 0.034375 0.0671875
0 0.196875 0.6609375 0.0375 0.1
0 0.0703125 0.6328125 0.034375 0.0796875
3 0.06640625 0.6515625 0.0578125 0.075
2 0.7671875 0.66484375 0.0546875 0.0671875
2 0.6625 0.57890625 0.0484375 0.04375
2 0.6125 0.55859375 0.0484375 0.040625
2 0.58203125 0.6 0.0640625 0.05
2 0.56328125 0.51953125 0.0390625 0.0390625
2 0.50703125 0.54375 0.0484375 0.040625
2 0.49140625 0.57734375 0.05625 0.0515625
2 0.48671875 0.625 0.053125 0.0515625
2 0.409375 0.65078125 0.14375 0.0953125
2 0.40859375 0.71796875 0.1 0.08125
2 0.43359375 0.7625 0.0984375 0.090625
2 0.265625 0.7453125 0.10625 0.096875
2 0.30078125 0.77890625 0.1125 0.09375
2 0.13828125 0.60703125 0.146875 0.0875
2 0.14609375 0.559375 0.078125 0.0546875
2 0.21640625 0.521875 0.0515625 0.05
2 0.2515625 0.50859375 0.034375 0.05
2 0.421875 0.52109375 0.0421875 0.04375
2 0.35703125 0.51953125 0.04375 0.05
2 0.8140625 0.5765625 0.0421875 0.046875
4 0.78203125 0.53515625 0.0625 0.0796875
2 0.41796875 0.58515625 0.0765625 0.06875