2 0.84375 0.628125 0.1625 0.1734375
2 0.41953125 0.7375 0.24375 0.2953125
2 0.6828125 0.60390625 0.0875 0.096875
2 0.63671875 0.58046875 0.0734375 0.0890625
2 0.53828125 0.6171875 0.09375 0.0921875
2 0.409375 0.58125 0.059375 0.053125
2 0.05546875 0.67578125 0.0625 0.059375
2 0.4734375 0.54375 0.05 0.0609375
4 0.5125 0.48125 0.05625 0.0765625
4 0.1984375 0.575 0.05 0.0609375
2 0.1625 0.62734375 0.046875 0.059375
2 0.2203125 0.6203125 0.05625 0.0625
2 0.56875 0.53515625 0.05625 0.059375
2 0.27265625 0.571875 0.04375 0.05625