2 0.57890625 0.81796875 0.128125 0.146875
2 0.3578125 0.80234375 0.14140625 0.13984375
2 0.43046875 0.7796875 0.1015625 0.12734375
2 0.265625 0.78046875 0.09140625 0.1109375
2 0.65390625 0.78046875 0.071875 0.09609375
2 0.76328125 0.76640625 0.0796875 0.09609375
2 0.86640625 0.79140625 0.11015625 0.16640625
2 0.51171875 0.76484375 0.0765625 0.0796875
2 0.1234375 0.73359375 0.08359375 0.06015625
2 0.03984375 0.74453125 0.0796875 0.0578125
2 0.23359375 0.75546875 0.0734375 0.0890625
2 0.69453125 0.76015625 0.0515625 0.084375
2 0.184375 0.7359375 0.04140625 0.05078125