2 0.55234375 0.9015625 0.1484375 0.16875
2 0.07421875 0.79609375 0.1484375 0.1703125
2 0.6875 0.8125 0.1109375 0.128125
2 0.63359375 0.70078125 0.0765625 0.0828125
2 0.3078125 0.81953125 0.1296875 0.1875
2 0.30625 0.60546875 0.06875 0.075
2 0.05703125 0.6765625 0.1140625 0.121875
2 0.54765625 0.73203125 0.1 0.11875
2 0.3625 0.68203125 0.0875 0.096875
2 0.79375 0.903125 0.15 0.19375
2 0.26328125 0.71875 0.103125 0.10625
2 0.70546875 0.69765625 0.06875 0.0671875
2 0.234375 0.578125 0.0671875 0.075
2 0.15859375 0.603125 0.090625 0.115625
2 0.778125 0.77109375 0.109375 0.1390625
2 0.9296875 0.73359375 0.0609375 0.065625
2 0.60625 0.59765625 0.0359375 0.0421875
2 0.565625 0.6046875 0.040625 0.040625
2 0.521875 0.6375 0.0625 0.0578125
2 0.528125 0.67734375 0.0671875 0.078125
2 0.40625 0.621875 0.05625 0.059375
2 0.34140625 0.59296875 0.0375 0.0625
2 0.359375 0.57421875 0.034375 0.0625
2 0.3796875 0.5640625 0.03125 0.0515625
2 0.04375 0.50234375 0.0421875 0.05625
2 0.01484375 0.50078125 0.0296875 0.0515625
2 0.03828125 0.48984375 0.059375 0.065625
2 0.5046875 0.5703125 0.04375 0.0546875
4 0.30546875 0.4984375 0.08125 0.1140625