2 0.51484375 0.34296875 0.1359375 0.171875
2 0.165625 0.22109375 0.1046875 0.1359375
2 0.16328125 0.57890625 0.3265625 0.4609375
2 0.5921875 0.275 0.078125 0.1015625
2 0.72109375 0.2515625 0.05625 0.0703125
2 0.88125 0.3640625 0.140625 0.2265625
2 0.46875 0.18125 0.03125 0.0328125
2 0.44140625 0.18046875 0.028125 0.040625
2 0.403125 0.17578125 0.03125 0.04375
2 0.32890625 0.20234375 0.1078125 0.175
2 0.6828125 0.20546875 0.03125 0.04375
2 0.78359375 0.64140625 0.3375 0.45625
6 0.35390625 0.12890625 0.065625 0.109375