2 0.7125 0.91328125 0.1578125 0.1640625
2 0.5171875 0.89296875 0.1390625 0.1546875
2 0.5546875 0.73671875 0.109375 0.121875
2 0.65546875 0.81796875 0.1234375 0.1375
2 0.40234375 0.95390625 0.1515625 0.0921875
2 0.4375 0.61953125 0.0859375 0.0890625
2 0.92578125 0.7265625 0.0953125 0.1453125
2 0.80859375 0.7359375 0.10625 0.1125
2 0.91796875 0.81171875 0.06875 0.125
2 0.7671875 0.6921875 0.0875 0.0984375
2 0.365625 0.671875 0.0703125 0.090625
2 0.87890625 0.7 0.0796875 0.10625
2 0.69765625 0.64375 0.0828125 0.1
2 0.1890625 0.61328125 0.0875 0.1015625
2 0.3796875 0.51640625 0.0671875 0.0640625
2 0.40546875 0.5546875 0.06875 0.08125
2 0.4359375 0.5734375 0.06875 0.0578125
2 0.3640625 0.4421875 0.04375 0.0375
2 0.35703125 0.4765625 0.0484375 0.05
2 0.6421875 0.5390625 0.0875 0.1015625
2 0.63828125 0.58984375 0.084375 0.08125
2 0.59609375 0.54921875 0.0375 0.0734375
2 0.57734375 0.5359375 0.034375 0.06875
2 0.56015625 0.5265625 0.0359375 0.065625
2 0.53984375 0.4875 0.034375 0.053125
2 0.55234375 0.49375 0.025 0.053125
2 0.72265625 0.66640625 0.0546875 0.084375
2 0.840625 0.6390625 0.0984375 0.1265625
2 0.78984375 0.6234375 0.0421875 0.0703125
2 0.7625 0.603125 0.0609375 0.0828125
2 0.72578125 0.5828125 0.046875 0.0734375
2 0.7 0.571875 0.05 0.0640625
2 0.68125 0.5515625 0.0375 0.059375
6 0.2765625 0.71171875 0.2640625 0.4109375
6 0.16484375 0.4578125 0.146875 0.2484375
6 0.29375 0.45234375 0.1328125 0.196875
6 0.61796875 0.43828125 0.0640625 0.1125
6 0.6609375 0.43359375 0.0359375 0.0953125
6 0.68515625 0.4484375 0.06875 0.134375
6 0.73671875 0.45859375 0.0984375 0.1625
6 0.77734375 0.50078125 0.0640625 0.1359375
6 0.8265625 0.52421875 0.1015625 0.1203125
6 0.9125 0.57578125 0.1484375 0.1796875
2 0.54296875 0.446875 0.04375 0.059375
2 0.40234375 0.4046875 0.0359375 0.04375
2 0.43203125 0.4140625 0.034375 0.0390625