2 0.24296875 0.75859375 0.2375 0.35
2 0.06484375 0.65 0.1046875 0.1234375
2 0.53046875 0.6546875 0.0890625 0.0875
2 0.30234375 0.4875 0.0359375 0.053125
2 0.6625 0.64609375 0.078125 0.1234375
2 0.48046875 0.43203125 0.03125 0.046875
2 0.69375 0.4734375 0.034375 0.04375
2 0.35859375 0.5296875 0.0390625 0.05625
2 0.35859375 0.47734375 0.0359375 0.053125
2 0.34609375 0.45234375 0.028125 0.040625
2 0.65546875 0.43359375 0.028125 0.0359375
2 0.646875 0.45703125 0.03125 0.0390625
2 0.74921875 0.50703125 0.0359375 0.04375
2 0.78046875 0.425 0.03125 0.0390625
2 0.59140625 0.63203125 0.059375 0.090625
2 0.6375 0.60625 0.021875 0.0375
2 0.7203125 0.6359375 0.053125 0.0828125
2 0.39140625 0.66640625 0.1171875 0.16875
6 0.19453125 0.53515625 0.059375 0.0984375