2 0.2359375 0.70625 0.175 0.178125
2 0.2921875 0.57578125 0.1453125 0.1453125
2 0.796875 0.74765625 0.1953125 0.209375
2 0.44609375 0.734375 0.2109375 0.2703125
2 0.94375 0.51796875 0.1125 0.1765625
2 0.34296875 0.49765625 0.125 0.134375
2 0.7546875 0.55546875 0.1546875 0.1546875
2 0.5 0.64453125 0.1375 0.1734375
2 0.04921875 0.49296875 0.0984375 0.1015625
2 0.74609375 0.665625 0.1765625 0.203125
2 0.246875 0.33828125 0.05625 0.053125
2 0.04375 0.4265625 0.078125 0.0703125
2 0.38515625 0.440625 0.1 0.0984375
2 0.8890625 0.41640625 0.1171875 0.128125
2 0.49765625 0.55078125 0.146875 0.1671875
2 0.5625 0.3515625 0.090625 0.1015625
2 0.50078125 0.46796875 0.1140625 0.109375
2 0.20078125 0.36640625 0.0609375 0.0703125
2 0.2015625 0.3125 0.0421875 0.03125
2 0.371875 0.25234375 0.040625 0.0375
2 0.403125 0.23203125 0.0296875 0.0296875
2 0.4359375 0.2359375 0.0328125 0.0265625
2 0.43984375 0.34921875 0.040625 0.071875
2 0.38828125 0.35234375 0.071875 0.040625
2 0.43125 0.39453125 0.05 0.0890625
2 0.95 0.43046875 0.0890625 0.0859375
2 0.9203125 0.36875 0.0640625 0.0640625
2 0.834375 0.35078125 0.06875 0.06875
2 0.86015625 0.3171875 0.0703125 0.0625
2 0.825 0.26875 0.08125 0.065625
2 0.77890625 0.25546875 0.0390625 0.065625
2 0.75625 0.25625 0.025 0.046875
2 0.68671875 0.3171875 0.084375 0.0546875
2 0.6953125 0.35 0.0796875 0.0453125
2 0.49765625 0.28515625 0.034375 0.0546875
2 0.51875 0.25 0.0296875 0.04375
2 0.53203125 0.2453125 0.021875 0.0375
2 0.58359375 0.290625 0.034375 0.046875
2 0.5328125 0.29453125 0.059375 0.040625
2 0.51640625 0.3828125 0.0828125 0.0515625
2 0.54375 0.4453125 0.0828125 0.1
2 0.5671875 0.39921875 0.0390625 0.096875
2 0.24296875 0.3078125 0.0390625 0.028125
2 0.5984375 0.246875 0.0296875 0.0546875
2 0.5640625 0.240625 0.046875 0.0390625
2 0.56875 0.2671875 0.0453125 0.021875
6 0.71796875 0.16015625 0.0640625 0.0875
6 0.678125 0.25703125 0.1015625 0.1359375
6 0.59609375 0.18671875 0.04375 0.0640625
6 0.45390625 0.296875 0.078125 0.1109375
6 0.825 0.225 0.084375 0.1046875
2 0.75625 0.171875 0.0296875 0.034375
2 0.72734375 0.2140625 0.0265625 0.0375
2 0.65 0.1734375 0.0453125 0.0421875
2 0.4875 0.23828125 0.053125 0.0484375
2 0.7328125 0.453125 0.1640625 0.175