6 0.44765625 0.82578125 0.20625 0.325
2 0.89296875 0.5375 0.0640625 0.0625
6 0.32109375 0.68984375 0.1921875 0.31875
2 0.71328125 0.8328125 0.065625 0.1421875
2 0.77109375 0.85625 0.0625 0.15625
2 0.8296875 0.87578125 0.0625 0.159375
2 0.9203125 0.88671875 0.125 0.13125
2 0.7046875 0.4640625 0.0640625 0.0640625
2 0.3578125 0.3796875 0.0375 0.053125
2 0.16875 0.40234375 0.046875 0.0421875
2 0.14140625 0.38046875 0.028125 0.0375
2 0.1734375 0.48359375 0.0609375 0.05625
2 0.73359375 0.42421875 0.059375 0.0796875
6 0.96015625 0.5328125 0.075 0.1390625
6 0.73203125 0.3453125 0.0609375 0.05625
6 0.5828125 0.31953125 0.08125 0.0921875
6 0.50234375 0.33125 0.090625 0.090625
6 0.3984375 0.3359375 0.06875 0.096875
6 0.33828125 0.34453125 0.0421875 0.078125
6 0.2484375 0.4546875 0.096875 0.190625
6 0.09921875 0.36640625 0.0875 0.1375
6 0.03125 0.4078125 0.053125 0.175
6 0.23203125 0.29921875 0.0875 0.090625
6 0.1921875 0.3640625 0.053125 0.0734375
6 0.30546875 0.4109375 0.040625 0.1828125