2 0.340625 0.6890625 0.08671875 0.07421875
2 0.528125 0.5890625 0.07109375 0.06484375
2 0.4078125 0.55078125 0.06796875 0.0796875
2 0.8 0.6703125 0.07578125 0.06953125
2 0.63125 0.52265625 0.0578125 0.0484375
2 0.646875 0.71796875 0.08984375 0.11015625
4 0.4734375 0.796875 0.18671875 0.38046875
6 0.1953125 0.31484375 0.05 0.07734375
6 0.14375 0.21484375 0.021875 0.04140625
2 0.15546875 0.46328125 0.05 0.0625
2 0.034375 0.4890625 0.05859375 0.065625
2 0.2140625 0.3984375 0.040625 0.0421875
2 0.17421875 0.375 0.0359375 0.03515625
2 0.50859375 0.4296875 0.05 0.04375
2 0.56484375 0.3890625 0.0390625 0.03046875