2 0.4875 0.84140625 0.10859375 0.1203125
2 0.7046875 0.79609375 0.11171875 0.14453125
2 0.1796875 0.5390625 0.0703125 0.07578125
2 0.2140625 0.6140625 0.07890625 0.09609375
2 0.515625 0.74609375 0.1 0.1484375
2 0.1109375 0.76015625 0.121875 0.1796875
2 0.8828125 0.7296875 0.09765625 0.11953125
2 0.8015625 0.5328125 0.0609375 0.07578125
2 0.5171875 0.38515625 0.04296875 0.04765625
2 0.83203125 0.40625 0.0546875 0.07578125
6 0.6953125 0.5390625 0.10390625 0.26015625
6 0.7765625 0.2875 0.06484375 0.09609375
6 0.4953125 0.32265625 0.04921875 0.10234375
6 0.4171875 0.325 0.0453125 0.09765625
6 0.3484375 0.44921875 0.09609375 0.1578125
6 0.3046875 0.37109375 0.08984375 0.14140625
6 0.36875 0.29609375 0.0328125 0.06953125
2 0.06953125 0.63671875 0.078125 0.0890625
2 0.678125 0.309375 0.03359375 0.04765625
2 0.6046875 0.315625 0.0296875 0.0328125
2 0.53203125 0.5953125 0.0890625 0.1109375
2 0.8953125 0.328125 0.04296875 0.04140625
2 0.8171875 0.3203125 0.03515625 0.03671875
2 0.8515625 0.353125 0.04296875 0.0609375