2 0.73203125 0.88984375 0.121875 0.1234375
2 0.45078125 0.68828125 0.0734375 0.0796875
2 0.73671875 0.6671875 0.084375 0.0984375
2 0.6578125 0.55 0.0671875 0.08125
2 0.34375 0.72265625 0.0765625 0.084375
2 0.71171875 0.53203125 0.0578125 0.0734375
2 0.53203125 0.534375 0.059375 0.0765625
2 0.496875 0.86953125 0.1140625 0.146875
2 0.375 0.59140625 0.0609375 0.065625
2 0.85390625 0.58984375 0.0734375 0.0875
2 0.59375 0.52421875 0.053125 0.0640625
2 0.25234375 0.528125 0.0484375 0.0578125
2 0.20078125 0.70078125 0.1015625 0.13125
2 0.2921875 0.62421875 0.06875 0.0671875
2 0.18046875 0.62109375 0.0546875 0.0390625
2 0.3109375 0.48828125 0.046875 0.0546875
2 0.3140625 0.53515625 0.05 0.0546875
2 0.553125 0.484375 0.0453125 0.0515625
2 0.48359375 0.50390625 0.046875 0.05625
2 0.4515625 0.478125 0.040625 0.053125
2 0.5078125 0.465625 0.046875 0.0515625
2 0.4203125 0.409375 0.0421875 0.059375
6 0.1703125 0.53828125 0.0828125 0.1375
6 0.5921875 0.43671875 0.071875 0.1109375