2 0.23046875 0.6953125 0.2140625 0.2984375
2 0.22421875 0.43515625 0.1140625 0.1671875
2 0.41875 0.45546875 0.10703125 0.15078125
2 0.165625 0.48828125 0.11015625 0.15078125
2 0.9546875 0.44453125 0.06953125 0.15078125
2 0.903125 0.409375 0.04921875 0.13984375
2 0.77421875 0.4796875 0.159375 0.17890625
2 0.865625 0.734375 0.1765625 0.19453125
2 0.846875 0.6125 0.1703125 0.175
2 0.4453125 0.3328125 0.0703125 0.0671875
2 0.3015625 0.3375 0.08671875 0.09453125
2 0.29375 0.4203125 0.03828125 0.11796875
2 0.321875 0.23984375 0.07890625 0.10546875
2 0.43828125 0.2734375 0.0703125 0.08515625
2 0.6578125 0.26484375 0.065625 0.09140625
2 0.6609375 0.3421875 0.06953125 0.0546875
2 0.671875 0.4265625 0.04921875 0.090625
2 0.78671875 0.28359375 0.0875 0.08046875
2 0.8 0.353125 0.0828125 0.0546875
2 0.98046875 0.546875 0.03125 0.1640625