2 0.465625 0.87421875 0.20234375 0.246875
2 0.90546875 0.28515625 0.0828125 0.09296875
2 0.63125 0.259375 0.07109375 0.08125
2 0.6625 0.46875 0.10234375 0.103125
2 0.50078125 0.5171875 0.09375 0.1125
2 0.375 0.70234375 0.14296875 0.13125
2 0.70859375 0.6234375 0.109375 0.1140625
2 0.446875 0.4 0.08828125 0.06484375
2 0.36953125 0.35703125 0.0796875 0.075
2 0.71875 0.55390625 0.10234375 0.090625
2 0.65703125 0.23203125 0.0671875 0.07890625
2 0.8078125 0.259375 0.084375 0.09609375
2 0.2859375 0.490625 0.09765625 0.1234375
2 0.14921875 0.259375 0.075 0.075
2 0.065625 0.15546875 0.059375 0.065625
2 0.0296875 0.2640625 0.0578125 0.09296875
2 0.3171875 0.17890625 0.06328125 0.06484375
2 0.49296875 0.2296875 0.05 0.07890625
2 0.52421875 0.19140625 0.05 0.05390625