2 0.55390625 0.8375 0.121875 0.1328125
2 0.3328125 0.81875 0.128125 0.1578125
2 0.82265625 0.5 0.0796875 0.084375
2 0.79765625 0.578125 0.090625 0.1046875
2 0.51484375 0.74609375 0.1171875 0.159375
2 0.91796875 0.7109375 0.1421875 0.19375
2 0.14765625 0.775 0.1109375 0.13125
2 0.2046875 0.56953125 0.0703125 0.0828125
2 0.46875 0.38828125 0.0484375 0.053125
2 0.159375 0.44765625 0.0640625 0.08125
6 0.3109375 0.5625 0.134375 0.2703125
6 0.19921875 0.32265625 0.0765625 0.103125
6 0.4828125 0.3234375 0.0609375 0.1078125
6 0.5609375 0.31640625 0.05625 0.103125
6 0.64453125 0.43125 0.1140625 0.16875
6 0.678125 0.3484375 0.10625 0.1515625
6 0.60546875 0.28125 0.040625 0.0734375
2 0.94375 0.58359375 0.0890625 0.0984375
2 0.3 0.3328125 0.0390625 0.0515625
2 0.3734375 0.3296875 0.0328125 0.0359375
2 0.4796875 0.5984375 0.1015625 0.1203125
2 0.08671875 0.37734375 0.0484375 0.046875
2 0.16328125 0.36015625 0.0390625 0.040625
2 0.1328125 0.396875 0.05 0.065625