2 0.20234375 0.81015625 0.096875 0.10625
2 0.15390625 0.6546875 0.075 0.09375
2 0.09140625 0.6328125 0.06875 0.0875
2 0.478125 0.89765625 0.121875 0.159375
2 0.09375 0.94609375 0.096875 0.1078125
2 0.9125 0.8671875 0.1140625 0.1546875
2 0.240625 0.53125 0.05625 0.06875
2 0.35859375 0.61796875 0.0703125 0.075
2 0.36328125 0.8 0.09375 0.10625
2 0.26640625 0.91875 0.1421875 0.1625
2 0.42421875 0.6640625 0.08125 0.0984375
2 0.165625 0.53359375 0.0546875 0.06875
2 0.3484375 0.44375 0.05 0.078125
6 0.52578125 0.65234375 0.1546875 0.3125
6 0.59296875 0.49921875 0.10625 0.203125
6 0.6640625 0.32265625 0.0484375 0.0875
6 0.7140625 0.36953125 0.0484375 0.0890625
6 0.67578125 0.2640625 0.034375 0.0546875
6 0.88828125 0.71328125 0.103125 0.14375
6 0.05234375 0.509375 0.08125 0.10625
6 0.15390625 0.43125 0.0546875 0.0984375
6 0.20546875 0.41953125 0.08125 0.13125
6 0.2984375 0.37734375 0.0625 0.1078125
6 0.4015625 0.32578125 0.0421875 0.084375
6 0.45 0.27109375 0.034375 0.0671875
6 0.47421875 0.2390625 0.0390625 0.0609375
6 0.53984375 0.19375 0.028125 0.0390625
6 0.57421875 0.1703125 0.034375 0.05625
6 0.54921875 0.16328125 0.0265625 0.0578125
2 0.94453125 0.81171875 0.078125 0.0921875
2 0.8375 0.6984375 0.0359375 0.0828125
2 0.7546875 0.640625 0.0828125 0.103125
2 0.76328125 0.578125 0.0484375 0.0734375
2 0.66875 0.82734375 0.10625 0.1421875
2 0.67578125 0.73203125 0.0984375 0.1515625
2 0.70546875 0.54296875 0.059375 0.05625
2 0.6875 0.66953125 0.078125 0.11875
2 0.71171875 0.50390625 0.0421875 0.0453125
2 0.696875 0.47109375 0.0453125 0.03125
2 0.725 0.45859375 0.040625 0.0515625
2 0.70703125 0.4265625 0.034375 0.01875
2 0.65078125 0.4109375 0.0421875 0.0515625
2 0.6421875 0.44765625 0.0296875 0.046875
2 0.653125 0.3765625 0.03125 0.0265625
2 0.6109375 0.36640625 0.0359375 0.0421875
2 0.58828125 0.33671875 0.0234375 0.03125
2 0.51640625 0.43671875 0.0375 0.0390625
2 0.47265625 0.48359375 0.05625 0.0421875
2 0.40703125 0.559375 0.0640625 0.0703125
2 0.2828125 0.7046875 0.10625 0.1375
2 0.06328125 0.58515625 0.075 0.0671875
2 0.13046875 0.5046875 0.0515625 0.059375
2 0.21328125 0.5 0.046875 0.053125
2 0.24296875 0.47109375 0.053125 0.0625
2 0.2484375 0.40546875 0.0296875 0.0390625
2 0.34609375 0.371875 0.040625 0.0484375
2 0.30390625 0.490625 0.0484375 0.071875
2 0.428125 0.428125 0.0515625 0.0703125
2 0.46015625 0.36640625 0.025 0.0328125
2 0.51015625 0.35234375 0.0296875 0.0375
2 0.43046875 0.3765625 0.03125 0.0390625
2 0.49609375 0.32890625 0.0265625 0.0328125
2 0.48671875 0.28671875 0.01875 0.025
2 0.51953125 0.27734375 0.021875 0.028125
2 0.496875 0.2140625 0.021875 0.028125
2 0.53984375 0.25 0.025 0.0296875