6 0.56328125 0.8234375 0.215625 0.33125
2 0.10859375 0.55078125 0.065625 0.065625
6 0.68515625 0.68359375 0.203125 0.325
2 0.2984375 0.83984375 0.0703125 0.14375
2 0.24140625 0.865625 0.06875 0.1578125
2 0.18359375 0.88671875 0.06875 0.1609375
2 0.09375 0.9015625 0.128125 0.134375
2 0.29453125 0.47109375 0.065625 0.065625
2 0.6375 0.37421875 0.0390625 0.0546875
2 0.82734375 0.390625 0.0484375 0.04375
2 0.85390625 0.36796875 0.0296875 0.0390625
2 0.82578125 0.47265625 0.0625 0.059375
2 0.2640625 0.4328125 0.0609375 0.08125
6 0.04140625 0.5484375 0.078125 0.140625
6 0.2625 0.35390625 0.0625 0.059375
6 0.4109375 0.321875 0.084375 0.09375
6 0.4921875 0.33125 0.09375 0.09375
6 0.5953125 0.3328125 0.071875 0.1
6 0.65625 0.3390625 0.0453125 0.0796875
6 0.75 0.44609375 0.103125 0.19375
6 0.89609375 0.35234375 0.0921875 0.1390625
6 0.965625 0.39140625 0.059375 0.1765625
6 0.7609375 0.28984375 0.090625 0.09375
6 0.803125 0.353125 0.05625 0.075
6 0.69140625 0.4046875 0.046875 0.184375