2 0.44375 0.61484375 0.0828125 0.1015625
2 0.5171875 0.8359375 0.125 0.128125
2 0.6515625 0.6671875 0.1203125 0.1640625
2 0.56953125 0.6046875 0.078125 0.0875
2 0.28359375 0.55859375 0.0765625 0.078125
2 0.48984375 0.4796875 0.0875 0.1125
2 0.45 0.4171875 0.053125 0.0734375
2 0.35234375 0.43046875 0.0484375 0.0609375
2 0.26953125 0.46640625 0.0515625 0.0625
2 0.23828125 0.42578125 0.040625 0.05
2 0.0453125 0.4515625 0.0640625 0.0671875
2 0.95859375 0.53984375 0.075 0.0859375
2 0.78828125 0.5234375 0.0703125 0.071875
2 0.809375 0.4265625 0.053125 0.05
2 0.75234375 0.37578125 0.046875 0.0421875
2 0.69453125 0.4453125 0.05625 0.0625
2 0.56640625 0.39296875 0.04375 0.0453125
4 0.63046875 0.3546875 0.0796875 0.1265625
6 0.0859375 0.2515625 0.078125 0.0734375
2 0.2921875 0.38515625 0.0421875 0.040625
2 0.34765625 0.375 0.04375 0.03125