2 0.35390625 0.7 0.0921875 0.0796875
2 0.534375 0.58671875 0.075 0.0703125
2 0.41171875 0.55703125 0.0734375 0.084375
2 0.8109375 0.64921875 0.0796875 0.075
2 0.6328125 0.51328125 0.0609375 0.053125
2 0.66171875 0.70703125 0.096875 0.115625
4 0.49453125 0.79765625 0.2125 0.3921875
6 0.1828125 0.33671875 0.0546875 0.08125
6 0.125 0.240625 0.025 0.0421875
2 0.15390625 0.4875 0.0546875 0.065625
2 0.034375 0.521875 0.0625 0.0703125
2 0.2078125 0.41875 0.04375 0.0453125
2 0.16640625 0.39765625 0.0390625 0.0375
2 0.50390625 0.42890625 0.053125 0.046875
2 0.55703125 0.38515625 0.040625 0.0328125