2 0.13203125 0.72265625 0.0984375 0.1078125
2 0.12578125 0.56015625 0.0765625 0.09375
2 0.07109375 0.52265625 0.0703125 0.0875
2 0.37578125 0.87890625 0.1234375 0.1609375
2 0.0171875 0.8515625 0.034375 0.1625
2 0.803125 0.94140625 0.115625 0.1171875
2 0.24140625 0.46328125 0.05625 0.06875
2 0.3328125 0.57734375 0.0703125 0.0765625
2 0.28984375 0.7546875 0.0953125 0.1078125
2 0.16171875 0.8625 0.1453125 0.2
2 0.384375 0.6390625 0.0828125 0.0984375
2 0.16796875 0.44609375 0.05625 0.06875
2 0.36796875 0.40625 0.0515625 0.0796875
6 0.48515625 0.65390625 0.159375 0.3140625
6 0.58984375 0.52265625 0.109375 0.2046875
6 0.7046875 0.37109375 0.05 0.0875
6 0.740625 0.4296875 0.05 0.0890625
6 0.73046875 0.31796875 0.0359375 0.0546875
6 0.81953125 0.80703125 0.1046875 0.1453125
6 0.065625 0.39296875 0.0828125 0.1078125
6 0.18359375 0.34453125 0.05625 0.0984375
6 0.2359375 0.34609375 0.084375 0.13125
6 0.33671875 0.3296875 0.0640625 0.109375
6 0.45 0.30625 0.04375 0.084375
6 0.5109375 0.265625 0.0359375 0.06875
6 0.54296875 0.240625 0.0390625 0.0609375
6 0.6171875 0.2140625 0.0296875 0.0390625
6 0.65703125 0.20078125 0.0359375 0.05625
6 0.634375 0.1875 0.028125 0.0578125
2 0.8484375 0.915625 0.0796875 0.09375
2 0.775 0.77890625 0.0375 0.0828125
2 0.71015625 0.7015625 0.084375 0.1046875
2 0.73359375 0.64296875 0.05 0.0734375
2 0.578125 0.859375 0.1078125 0.14375
2 0.609375 0.76953125 0.1 0.1515625
2 0.68671875 0.5953125 0.0609375 0.05625
2 0.6375 0.7125 0.0796875 0.1203125
2 0.703125 0.55859375 0.0421875 0.0453125
2 0.69765625 0.5234375 0.0453125 0.03125
2 0.728125 0.51796875 0.040625 0.0515625
2 0.71875 0.4828125 0.034375 0.01875
2 0.66953125 0.453125 0.0421875 0.0515625
2 0.65078125 0.48671875 0.03125 0.046875
2 0.6796875 0.4203125 0.03125 0.0265625
2 0.6421875 0.4 0.0375 0.04375
2 0.628125 0.36484375 0.0234375 0.0328125
2 0.5328125 0.44296875 0.0375 0.040625
2 0.478125 0.47734375 0.05625 0.0421875
2 0.3953125 0.53359375 0.0640625 0.0703125
2 0.2375 0.64140625 0.1078125 0.1390625
2 0.05625 0.46953125 0.0765625 0.06875
2 0.1421875 0.40859375 0.053125 0.059375
2 0.2234375 0.42578125 0.046875 0.053125
2 0.259375 0.40546875 0.053125 0.0640625
2 0.28125 0.34375 0.0296875 0.0390625
2 0.384375 0.3359375 0.040625 0.0484375
2 0.3125 0.43984375 0.05 0.071875
2 0.44921875 0.41171875 0.053125 0.0703125
2 0.49609375 0.3609375 0.025 0.034375
2 0.5484375 0.36015625 0.0296875 0.0390625
2 0.46484375 0.3625 0.03125 0.0390625
2 0.540625 0.33359375 0.0265625 0.0328125
2 0.5421875 0.290625 0.01875 0.025
2 0.5765625 0.28984375 0.021875 0.0296875
2 0.57109375 0.22265625 0.021875 0.028125
2 0.603125 0.26953125 0.0265625 0.0296875