2 0.75703125 0.715625 0.178125 0.1828125
2 0.7046875 0.58359375 0.15 0.1484375
2 0.19453125 0.73671875 0.2 0.2140625
2 0.54609375 0.7359375 0.2171875 0.275
2 0.05703125 0.5015625 0.1140625 0.178125
2 0.65703125 0.503125 0.128125 0.1375
2 0.24375 0.54609375 0.1578125 0.1578125
2 0.49453125 0.64453125 0.1421875 0.175
2 0.95 0.509375 0.1 0.103125
2 0.2484375 0.65703125 0.18125 0.20625
2 0.75859375 0.346875 0.05625 0.0546875
2 0.95859375 0.44296875 0.0796875 0.071875
2 0.6171875 0.44453125 0.103125 0.1015625
2 0.1140625 0.403125 0.1203125 0.1296875
2 0.5 0.55078125 0.15 0.1703125
2 0.4421875 0.34921875 0.0921875 0.103125
2 0.5 0.46796875 0.1171875 0.1125
2 0.80390625 0.3765625 0.0625 0.071875
2 0.8046875 0.3234375 0.0421875 0.03125
2 0.63671875 0.25703125 0.040625 0.0390625
2 0.60625 0.2359375 0.03125 0.0296875
2 0.5734375 0.23828125 0.0328125 0.028125
2 0.565625 0.3515625 0.0421875 0.071875
2 0.6171875 0.35625 0.071875 0.0421875
2 0.57265625 0.396875 0.053125 0.090625
2 0.05234375 0.41484375 0.090625 0.0875
2 0.084375 0.35390625 0.0640625 0.065625
2 0.17109375 0.3390625 0.0703125 0.0703125
2 0.14609375 0.3046875 0.071875 0.065625
2 0.18359375 0.2578125 0.0828125 0.06875
2 0.2296875 0.24609375 0.040625 0.065625
2 0.25234375 0.24765625 0.0265625 0.0484375
2 0.3203125 0.3109375 0.0859375 0.05625
2 0.31015625 0.34296875 0.0796875 0.046875
2 0.51015625 0.28515625 0.0359375 0.0546875
2 0.48984375 0.24921875 0.0296875 0.04375
2 0.4765625 0.24453125 0.0234375 0.0390625
2 0.42421875 0.2875 0.0359375 0.046875
2 0.47421875 0.29375 0.059375 0.0421875
2 0.4875 0.3828125 0.0828125 0.053125
2 0.45859375 0.44375 0.0859375 0.1015625
2 0.4359375 0.396875 0.0421875 0.096875
2 0.7640625 0.3171875 0.040625 0.0296875
2 0.41015625 0.24296875 0.03125 0.0546875
2 0.4453125 0.23828125 0.046875 0.040625
2 0.4390625 0.26484375 0.0453125 0.0234375
6 0.29453125 0.15234375 0.065625 0.0890625
6 0.33046875 0.25078125 0.1046875 0.1375
6 0.41484375 0.18359375 0.0453125 0.0640625
6 0.553125 0.2984375 0.08125 0.1125
6 0.18515625 0.2140625 0.0875 0.10625
2 0.25546875 0.1625 0.03125 0.034375
2 0.2828125 0.20625 0.028125 0.0375
2 0.3609375 0.16796875 0.046875 0.0421875
2 0.521875 0.2390625 0.053125 0.05
2 0.26875 0.44453125 0.16875 0.178125