2 0.65234375 0.52734375 0.078125 0.0921875
2 0.30703125 0.45546875 0.075 0.0765625
2 0.35234375 0.5953125 0.0921875 0.1
2 0.21875 0.5875 0.0921875 0.0984375
2 0.72265625 0.525 0.0703125 0.084375
2 0.5140625 0.459375 0.071875 0.0859375
2 0.5984375 0.9296875 0.153125 0.140625
2 0.33515625 0.8109375 0.1453125 0.18125
2 0.19375 0.33046875 0.0578125 0.0546875
2 0.696875 0.68671875 0.1046875 0.1203125
2 0.86484375 0.65234375 0.0921875 0.1015625
2 0.5890625 0.4703125 0.065625 0.071875
2 0.46953125 0.4015625 0.0609375 0.0671875
2 0.55703125 0.41875 0.0578125 0.0609375
2 0.25625 0.36953125 0.05625 0.065625
2 0.19765625 0.45546875 0.08125 0.084375
2 0.06640625 0.421875 0.071875 0.046875
2 0.05703125 0.49921875 0.1140625 0.1390625
2 0.08046875 0.3671875 0.0703125 0.0640625
2 0.27265625 0.31171875 0.0515625 0.0546875
2 0.4453125 0.3609375 0.05 0.065625
2 0.4296875 0.325 0.0421875 0.053125
2 0.4359375 0.27109375 0.04375 0.059375
2 0.51640625 0.36875 0.046875 0.053125
2 0.503125 0.33671875 0.0375 0.0453125
2 0.54609375 0.31171875 0.034375 0.04375
4 0.621875 0.3796875 0.071875 0.1109375
6 0.58046875 0.26171875 0.0546875 0.1
6 0.0953125 0.2953125 0.0890625 0.1078125
6 0.21796875 0.209375 0.0671875 0.125