2 0.325 0.67421875 0.0921875 0.08125
2 0.5203125 0.59140625 0.0765625 0.0703125
2 0.40390625 0.5421875 0.075 0.0859375
2 0.784375 0.69609375 0.08125 0.0765625
2 0.62890625 0.534375 0.0625 0.053125
2 0.62734375 0.7296875 0.0984375 0.1171875
4 0.44765625 0.79375 0.21875 0.3953125
6 0.2125 0.2890625 0.05625 0.08125
6 0.1703125 0.18515625 0.025 0.04375
2 0.16015625 0.43359375 0.0546875 0.0671875
2 0.03671875 0.4484375 0.0640625 0.0703125
2 0.22421875 0.37421875 0.04375 0.0453125
2 0.18671875 0.346875 0.0390625 0.0375
2 0.51484375 0.43046875 0.053125 0.0484375
2 0.57421875 0.3953125 0.0421875 0.034375