2 0.19921875 0.7109375 0.2796875 0.3046875
2 0.03515625 0.60390625 0.0703125 0.1015625
2 0.3640625 0.621875 0.134375 0.121875
2 0.728125 0.63046875 0.0546875 0.065625
2 0.66484375 0.6375 0.0875 0.1046875
2 0.27421875 0.4859375 0.040625 0.0484375
2 0.5140625 0.64375 0.096875 0.0890625
2 0.5859375 0.62109375 0.0671875 0.0703125
2 0.76484375 0.52734375 0.040625 0.0390625
2 0.70546875 0.496875 0.0421875 0.0390625
2 0.6546875 0.4796875 0.0359375 0.0296875
2 0.66484375 0.46015625 0.03125 0.0265625
2 0.8015625 0.4625 0.0359375 0.03125
2 0.47109375 0.4484375 0.0390625 0.0421875
2 0.32421875 0.4578125 0.0390625 0.0328125
2 0.33828125 0.48203125 0.0390625 0.0390625
2 0.3328125 0.525 0.04375 0.0421875
6 0.1546875 0.52265625 0.065625 0.071875