2 0.1984375 0.646875 0.14609375 0.1515625
2 0.28125 0.53125 0.1234375 0.121875
2 0.7390625 0.80390625 0.1609375 0.1796875
2 0.3984375 0.71796875 0.1640625 0.2421875
2 0.94375 0.6125 0.109375 0.15703125
2 0.346875 0.46484375 0.10390625 0.115625
2 0.7375 0.60703125 0.13046875 0.1296875
2 0.4703125 0.64140625 0.10859375 0.15390625
2 0.0578125 0.39921875 0.0890625 0.084375
2 0.70625 0.71328125 0.1421875 0.17734375
2 0.2859375 0.2890625 0.04765625 0.04453125
2 0.06875 0.33359375 0.06796875 0.05703125
2 0.4 0.41796875 0.08515625 0.0828125
2 0.89765625 0.49921875 0.096875 0.11015625
2 0.4875 0.54921875 0.11875 0.14609375
2 0.5921875 0.36796875 0.0734375 0.08828125
2 0.5078125 0.46875 0.09765625 0.09140625
2 0.23515625 0.30703125 0.05 0.0609375
2 0.246875 0.2546875 0.03828125 0.0234375
2 0.42578125 0.23125 0.034375 0.03125
2 0.4609375 0.21796875 0.02578125 0.02421875
2 0.4921875 0.228125 0.02890625 0.02109375
2 0.47265625 0.33984375 0.0265625 0.06796875
2 0.42109375 0.33203125 0.0671875 0.0265625
2 0.4546875 0.3828125 0.03359375 0.084375
2 0.9546875 0.52578125 0.075 0.071875
2 0.93828125 0.45859375 0.053125 0.0546875
2 0.8578125 0.4234375 0.05859375 0.0578125
2 0.890625 0.39609375 0.06171875 0.0515625
2 0.865625 0.34140625 0.071875 0.05234375
2 0.8234375 0.31875 0.0265625 0.0609375
2 0.8015625 0.31484375 0.015625 0.0453125
2 0.7203125 0.36015625 0.078125 0.0390625
2 0.721875 0.39375 0.07421875 0.03046875
2 0.5421875 0.2890625 0.02421875 0.05078125
2 0.5703125 0.259375 0.02109375 0.03984375
2 0.584375 0.2578125 0.01484375 0.0359375
2 0.625 0.3125 0.02578125 0.0421875
2 0.575 0.30625 0.05390625 0.0296875
2 0.540625 0.3890625 0.0765625 0.0359375
2 0.55390625 0.45546875 0.065625 0.0890625
2 0.58671875 0.415625 0.0203125 0.0953125
2 0.28828125 0.25859375 0.0359375 0.02109375
2 0.64921875 0.27265625 0.01875 0.05234375
2 0.61640625 0.259375 0.040625 0.03125
2 0.615625 0.28671875 0.04296875 0.01328125
6 0.78359375 0.2125 0.0484375 0.0796875
6 0.725 0.29921875 0.07734375 0.12265625
6 0.659375 0.21328125 0.03203125 0.05859375
6 0.496875 0.29140625 0.0578125 0.10078125
6 0.875 0.2984375 0.06640625 0.0921875
2 0.81875 0.23203125 0.02421875 0.0296875
2 0.78203125 0.26796875 0.0203125 0.034375
2 0.71484375 0.21171875 0.0390625 0.034375
2 0.5421875 0.24140625 0.0453125 0.040625
2 0.7375 0.50234375 0.1359375 0.14921875