2 0.3109375 0.51953125 0.10078125 0.121875
2 0.91171875 0.54921875 0.175 0.3421875
2 0.55078125 0.490625 0.13125 0.14765625
2 0.4625 0.48046875 0.05859375 0.10390625
2 0.4046875 0.47734375 0.05078125 0.05390625
2 0.75625 0.2984375 0.07578125 0.09375
2 0.8 0.40546875 0.09765625 0.1171875
2 0.8203125 0.48359375 0.07578125 0.13359375
6 0.6828125 0.43671875 0.12109375 0.284375
6 0.171875 0.4296875 0.0703125 0.11171875
6 0.3796875 0.41484375 0.06328125 0.11640625
2 0.121875 0.4453125 0.03515625 0.04453125