2 0.628125 0.7046875 0.1328125 0.1328125
2 0.521875 0.50546875 0.09375 0.096875
2 0.16640625 0.93203125 0.1703125 0.1359375
2 0.54140625 0.3515625 0.0671875 0.0765625
2 0.34609375 0.50625 0.084375 0.0859375
2 0.18828125 0.58359375 0.1078125 0.11875
2 0.37734375 0.61875 0.0984375 0.090625
2 0.44375 0.3984375 0.0796875 0.0875
2 0.3203125 0.4109375 0.0765625 0.065625
2 0.2 0.46328125 0.08125 0.071875
2 0.37421875 0.31796875 0.0546875 0.0609375
2 0.29375 0.34921875 0.053125 0.053125
2 0.19765625 0.3890625 0.0625 0.0578125
2 0.16953125 0.340625 0.0578125 0.053125
2 0.25234375 0.31875 0.0484375 0.0546875
2 0.27109375 0.34375 0.05 0.053125
2 0.3671875 0.25234375 0.0421875 0.046875
2 0.0109375 0.36875 0.021875 0.065625
6 0.8578125 0.62734375 0.284375 0.5296875
6 0.33125 0.21640625 0.05 0.06875