2 0.553125 0.94296875 0.128125 0.1140625
2 0.378125 0.6515625 0.078125 0.0828125
2 0.6484375 0.7484375 0.0890625 0.103125
2 0.62421875 0.61015625 0.0703125 0.084375
2 0.2671875 0.63984375 0.08125 0.0890625
2 0.68046875 0.61484375 0.0609375 0.075
2 0.515625 0.54453125 0.0640625 0.078125
2 0.346875 0.8359375 0.121875 0.1515625
2 0.3484375 0.53203125 0.0640625 0.06875
2 0.78671875 0.72578125 0.078125 0.0890625
2 0.57578125 0.56015625 0.05625 0.065625
2 0.2625 0.425 0.0515625 0.059375
2 0.14453125 0.56171875 0.1078125 0.1359375
2 0.259375 0.52890625 0.071875 0.0703125
2 0.15859375 0.48125 0.05625 0.0421875
2 0.33203125 0.4125 0.05 0.05625
2 0.315625 0.45625 0.053125 0.05625
2 0.5546875 0.50703125 0.046875 0.053125
2 0.4828125 0.496875 0.05 0.0578125
2 0.46484375 0.4609375 0.04375 0.0546875
2 0.521875 0.471875 0.0484375 0.0546875
2 0.4640625 0.38515625 0.0453125 0.0609375
6 0.18359375 0.40078125 0.090625 0.1390625
6 0.609375 0.4796875 0.078125 0.1140625