2 0.74765625 0.72265625 0.24375 0.31875
2 0.78125 0.4640625 0.13125 0.178125
2 0.58515625 0.4640625 0.121875 0.1609375
2 0.83359375 0.5234375 0.125 0.1609375
2 0.05390625 0.39765625 0.084375 0.1578125
2 0.10859375 0.36796875 0.0640625 0.14375
2 0.2296875 0.45078125 0.1765625 0.1953125
2 0.11171875 0.69453125 0.1953125 0.2125
2 0.14296875 0.57578125 0.1875 0.1921875
2 0.571875 0.3390625 0.0765625 0.0734375
2 0.7140625 0.359375 0.096875 0.103125
2 0.71328125 0.4421875 0.05 0.121875
2 0.7046875 0.26015625 0.0890625 0.1125
2 0.58515625 0.28125 0.078125 0.0921875
2 0.36796875 0.25 0.075 0.0984375
2 0.35625 0.3265625 0.075 0.0609375
2 0.33671875 0.409375 0.0578125 0.0953125
2 0.2375 0.2546875 0.0953125 0.0890625
2 0.2171875 0.32265625 0.0875 0.0625
2 0.0203125 0.49609375 0.040625 0.1671875