2 0.409375 0.72421875 0.1140625 0.1140625
2 0.4796875 0.509375 0.08046875 0.08359375
2 0.90703125 0.88671875 0.146875 0.1515625
2 0.43359375 0.3609375 0.05625 0.06796875
2 0.65234375 0.4796875 0.071875 0.07421875
2 0.821875 0.528125 0.09140625 0.1046875
2 0.64140625 0.5953125 0.0859375 0.0765625
2 0.5375 0.390625 0.06796875 0.0765625
2 0.66171875 0.38125 0.0671875 0.05546875
2 0.7890625 0.41171875 0.071875 0.0609375
2 0.5921875 0.29921875 0.04609375 0.05390625
2 0.6765625 0.315625 0.04609375 0.04609375
2 0.778125 0.33828125 0.05546875 0.0484375
2 0.79765625 0.2859375 0.0515625 0.04453125
2 0.7125 0.278125 0.04140625 0.0484375
2 0.6984375 0.30625 0.04296875 0.046875
2 0.5875 0.2328125 0.03515625 0.04140625
2 0.975 0.2828125 0.04453125 0.05859375
2 0.971875 0.19921875 0.04453125 0.046875
6 0.1390625 0.69296875 0.26328125 0.4921875
6 0.6171875 0.19140625 0.0390625 0.06328125