2 0.5765625 0.7625 0.1203125 0.1484375
2 0.7390625 0.55 0.071875 0.0828125
2 0.4234375 0.88515625 0.1578125 0.184375
2 0.7578125 0.7625 0.10625 0.1234375
2 0.0640625 0.5734375 0.1078125 0.1328125
2 0.8078125 0.68046875 0.0828125 0.0984375
2 0.08046875 0.3671875 0.0734375 0.0765625
2 0.34453125 0.43046875 0.0671875 0.0765625
2 0.41640625 0.38203125 0.0703125 0.0859375
2 0.71015625 0.90859375 0.140625 0.1515625
2 0.53359375 0.359375 0.0546875 0.0609375
2 0.81171875 0.63671875 0.0828125 0.08125
2 0.690625 0.48515625 0.0609375 0.0703125
2 0.2765625 0.45234375 0.0734375 0.084375
2 0.115625 0.496875 0.1 0.1203125
2 0.23984375 0.528125 0.0953125 0.09375
2 0.86015625 0.55546875 0.06875 0.0765625
2 0.884375 0.51875 0.059375 0.0640625
2 0.73203125 0.42734375 0.065625 0.0765625
6 0.14765625 0.29609375 0.128125 0.1828125
6 0.5828125 0.31328125 0.084375 0.1375
6 0.83203125 0.4140625 0.1015625 0.165625