2 0.59921875 0.9359375 0.1109375 0.1203125
2 0.2359375 0.94375 0.1125 0.1125
2 0.659375 0.77421875 0.059375 0.08125
2 0.63671875 0.86953125 0.071875 0.0953125
2 0.87109375 0.84140625 0.078125 0.09375
2 0.40234375 0.9390625 0.0953125 0.121875
2 0.28203125 0.9015625 0.0625 0.084375
2 0.553125 0.87421875 0.0921875 0.1171875
2 0.58125 0.7796875 0.071875 0.0734375
2 0.6015625 0.64765625 0.0484375 0.0578125
2 0.90234375 0.60703125 0.0421875 0.0484375
2 0.72421875 0.571875 0.0390625 0.05625
2 0.55390625 0.603125 0.03125 0.0359375
2 0.49765625 0.67421875 0.0453125 0.0390625
2 0.52578125 0.71328125 0.0484375 0.0515625
2 0.49453125 0.70078125 0.0171875 0.0453125
2 0.53203125 0.76484375 0.034375 0.05625
2 0.48671875 0.8109375 0.05625 0.06875
2 0.45078125 0.778125 0.05 0.0640625
2 0.46015625 0.7265625 0.04375 0.05
2 0.42734375 0.715625 0.0265625 0.0421875
2 0.4015625 0.85546875 0.0609375 0.071875
2 0.378125 0.8109375 0.05 0.034375
2 0.28671875 0.85078125 0.0453125 0.0484375
2 0.7765625 0.5546875 0.0328125 0.040625
2 0.996875 0.64296875 0.00625 0.0515625
2 0.975 0.6078125 0.034375 0.0265625
2 0.978125 0.6453125 0.0375 0.04375
2 0.3734375 0.7703125 0.0484375 0.0546875
2 0.34140625 0.73671875 0.04375 0.05
2 0.37421875 0.7203125 0.0390625 0.05
2 0.30625 0.703125 0.0421875 0.053125
2 0.3625 0.675 0.040625 0.0484375
2 0.40703125 0.640625 0.0359375 0.040625
2 0.40546875 0.6046875 0.03125 0.03125
2 0.36796875 0.63046875 0.0359375 0.04375
2 0.44765625 0.59609375 0.03125 0.034375