2 0.44765625 0.61640625 0.0796875 0.0984375
2 0.52890625 0.83515625 0.1203125 0.1234375
2 0.65703125 0.66171875 0.1140625 0.1609375
2 0.5734375 0.60234375 0.075 0.084375
2 0.2859375 0.56640625 0.07421875 0.075
2 0.4890625 0.4796875 0.08359375 0.11015625
2 0.446875 0.41875 0.05078125 0.071875
2 0.35 0.4359375 0.046875 0.05859375
2 0.26875 0.47421875 0.05 0.06015625
2 0.2359375 0.43515625 0.0390625 0.04921875
2 0.04375 0.4671875 0.06171875 0.06484375
2 0.959375 0.5234375 0.071875 0.08359375
2 0.7890625 0.51328125 0.0671875 0.06953125
2 0.80625 0.415625 0.05078125 0.0484375
2 0.74765625 0.3671875 0.0453125 0.04140625
2 0.6921875 0.43828125 0.05390625 0.0609375
2 0.5625 0.390625 0.04296875 0.04453125
4 0.625 0.35 0.075 0.1234375
6 0.07734375 0.26640625 0.075 0.0703125
2 0.28828125 0.3921875 0.040625 0.0390625
2 0.34375 0.38046875 0.04296875 0.0296875