6 0.459375 0.82734375 0.19453125 0.31796875
2 0.89375 0.5234375 0.06171875 0.0609375
6 0.328125 0.69609375 0.18125 0.31328125
2 0.725 0.825 0.06015625 0.140625
2 0.78359375 0.846875 0.0578125 0.1546875
2 0.84296875 0.8640625 0.0578125 0.15703125
2 0.93359375 0.871875 0.1203125 0.1265625
2 0.703125 0.45703125 0.06171875 0.06171875
2 0.35390625 0.384375 0.0359375 0.05234375
2 0.165625 0.4140625 0.04609375 0.040625
2 0.1375 0.39296875 0.02734375 0.03671875
2 0.1734375 0.4953125 0.05859375 0.0546875
2 0.73046875 0.41640625 0.05625 0.07734375
6 0.9609375 0.51640625 0.06953125 0.1359375
6 0.7265625 0.3375 0.059375 0.0546875
6 0.5765625 0.31640625 0.078125 0.0890625
6 0.49609375 0.33125 0.0875 0.08828125
6 0.39296875 0.33984375 0.065625 0.0953125
6 0.3328125 0.35 0.03984375 0.07734375
6 0.246875 0.46328125 0.08984375 0.1875
6 0.09453125 0.38046875 0.0828125 0.134375
6 0.028125 0.42421875 0.046875 0.1734375
6 0.225 0.30859375 0.08515625 0.08828125
6 0.1875 0.375 0.05078125 0.07109375
6 0.30234375 0.41796875 0.034375 0.18203125