2 0.565625 0.83515625 0.1265625 0.1359375
2 0.34453125 0.82421875 0.1328125 0.1609375
2 0.82265625 0.48828125 0.08125 0.0859375
2 0.8 0.56796875 0.0921875 0.1078125
2 0.5234375 0.7453125 0.121875 0.1625
2 0.925 0.69609375 0.1484375 0.196875
2 0.1578125 0.78671875 0.115625 0.1328125
2 0.20703125 0.5796875 0.071875 0.084375
2 0.46484375 0.3890625 0.05 0.053125
2 0.15703125 0.459375 0.065625 0.0828125
6 0.31328125 0.56875 0.14375 0.2734375
6 0.19375 0.33359375 0.0796875 0.1046875
6 0.4765625 0.32421875 0.0640625 0.109375
6 0.5546875 0.3140625 0.059375 0.103125
6 0.64140625 0.42578125 0.1203125 0.1703125
6 0.67265625 0.3421875 0.1109375 0.153125
6 0.59765625 0.278125 0.04375 0.0734375
2 0.946875 0.56796875 0.090625 0.1
2 0.29453125 0.33984375 0.040625 0.0515625
2 0.36796875 0.334375 0.034375 0.0375
2 0.48359375 0.59921875 0.1046875 0.1234375
2 0.0828125 0.3921875 0.0484375 0.046875
2 0.15859375 0.371875 0.040625 0.0421875
2 0.1296875 0.41015625 0.0515625 0.0671875