2 0.5453125 0.94453125 0.09765625 0.10859375
2 0.18125 0.928125 0.0953125 0.140625
2 0.625 0.79140625 0.05078125 0.075
2 0.590625 0.88359375 0.0609375 0.0890625
2 0.8265625 0.884375 0.06796875 0.0859375
2 0.35 0.928125 0.08125 0.12109375
2 0.234375 0.871875 0.05390625 0.078125
2 0.50703125 0.878125 0.0796875 0.10859375
2 0.546875 0.7875 0.06484375 0.06640625
2 0.5828125 0.65859375 0.0421875 0.053125
2 0.8859375 0.65546875 0.03671875 0.04453125
2 0.7140625 0.5984375 0.03359375 0.053125
2 0.540625 0.60859375 0.02734375 0.03359375
2 0.4765625 0.67265625 0.04140625 0.034375
2 0.49921875 0.71484375 0.04375 0.04609375
2 0.4703125 0.6984375 0.01171875 0.04453125
2 0.49921875 0.76640625 0.028125 0.053125
2 0.44921875 0.80703125 0.0484375 0.0640625
2 0.4171875 0.7703125 0.04296875 0.059375
2 0.4328125 0.7203125 0.03828125 0.04609375
2 0.4015625 0.70546875 0.021875 0.0390625
2 0.359375 0.840625 0.05390625 0.06640625
2 0.34140625 0.79375 0.046875 0.02890625
2 0.2453125 0.821875 0.03984375 0.04453125
2 0.76796875 0.58828125 0.028125 0.0375
2 0.9859375 0.70390625 0.0203125 0.05
2 0.95859375 0.66484375 0.03125 0.0234375
2 0.95703125 0.70234375 0.0328125 0.040625
2 0.34140625 0.753125 0.0421875 0.05
2 0.3140625 0.715625 0.03828125 0.04609375
2 0.3484375 0.703125 0.034375 0.04609375
2 0.2828125 0.678125 0.03671875 0.0484375
2 0.3421875 0.65703125 0.03515625 0.04453125
2 0.390625 0.628125 0.03203125 0.0375
2 0.39375 0.5921875 0.02734375 0.02890625
2 0.353125 0.61328125 0.03046875 0.040625
2 0.43671875 0.5890625 0.028125 0.03046875