2 0.42109375 0.6 0.1015625 0.1140625
2 0.446875 0.83203125 0.146875 0.1484375
2 0.61328125 0.69453125 0.15 0.184375
2 0.546875 0.6171875 0.09375 0.1
2 0.2765625 0.5125 0.090625 0.090625
2 0.49453125 0.47734375 0.1078125 0.1265625
2 0.46796875 0.40859375 0.0671875 0.08125
2 0.3703125 0.4015625 0.059375 0.06875
2 0.28203125 0.41875 0.0625 0.0703125
2 0.259375 0.3734375 0.05 0.0578125
2 0.065625 0.3578125 0.075 0.078125
2 0.93984375 0.63359375 0.090625 0.0984375
2 0.77734375 0.5828125 0.08125 0.084375
2 0.8171875 0.4921875 0.0609375 0.059375
2 0.77265625 0.43125 0.0546875 0.0515625
2 0.7015625 0.48671875 0.0671875 0.071875
2 0.58671875 0.409375 0.053125 0.053125
4 0.6578125 0.384375 0.103125 0.1375
6 0.14609375 0.17109375 0.0890625 0.0859375
2 0.3203125 0.34453125 0.0484375 0.0484375
2 0.37734375 0.34609375 0.0484375 0.0390625