2 0.24140625 0.709375 0.2296875 0.309375
2 0.22109375 0.45 0.121875 0.1734375
2 0.41640625 0.46015625 0.1140625 0.15625
2 0.165625 0.50546875 0.1171875 0.15625
2 0.95078125 0.42109375 0.0765625 0.1546875
2 0.89765625 0.38828125 0.05625 0.1421875
2 0.77265625 0.465625 0.16875 0.1875
2 0.87734375 0.71484375 0.1859375 0.203125
2 0.85234375 0.59453125 0.1796875 0.184375
2 0.43671875 0.3359375 0.0734375 0.0703125
2 0.29296875 0.3484375 0.0921875 0.0984375
2 0.28984375 0.43125 0.04375 0.1203125
2 0.30859375 0.24921875 0.084375 0.109375
2 0.4265625 0.27734375 0.075 0.0890625
2 0.6453125 0.25703125 0.0703125 0.0953125
2 0.65234375 0.33359375 0.071875 0.0578125
2 0.66796875 0.41796875 0.053125 0.09375
2 0.775 0.26875 0.0921875 0.084375
2 0.7921875 0.3375 0.0859375 0.059375
2 0.98125 0.521875 0.0375 0.165625