2 0.5421875 0.73828125 0.1359375 0.1359375
2 0.51796875 0.51328125 0.0953125 0.0984375
2 0.05390625 0.79375 0.1078125 0.178125
2 0.59375 0.378125 0.06875 0.078125
2 0.35546875 0.4484375 0.0859375 0.0875
2 0.1796875 0.4609375 0.1109375 0.121875
2 0.3421875 0.5640625 0.1 0.0921875
2 0.4859375 0.38515625 0.0828125 0.0890625
2 0.36640625 0.35 0.0765625 0.06875
2 0.2359375 0.35390625 0.0828125 0.075
2 0.4515625 0.284375 0.05625 0.0625
2 0.365625 0.2828125 0.0546875 0.0546875
2 0.26171875 0.284375 0.0640625 0.059375
2 0.253125 0.22890625 0.059375 0.0546875
2 0.33828125 0.2390625 0.05 0.05625
2 0.34609375 0.26953125 0.0515625 0.0546875
2 0.4703125 0.2203125 0.04375 0.0484375
2 0.08046875 0.1890625 0.05625 0.0671875
2 0.10078125 0.1078125 0.053125 0.0546875
6 0.8125 0.74765625 0.359375 0.5046875
6 0.44921875 0.1734375 0.0515625 0.0703125