2 0.16640625 0.771875 0.0859375 0.096875
2 0.1375 0.61171875 0.065625 0.0859375
2 0.078125 0.58203125 0.059375 0.08046875
2 0.4296875 0.8921875 0.10390625 0.14765625
2 0.0390625 0.9203125 0.078125 0.153125
2 0.86484375 0.91484375 0.096875 0.14375
2 0.2390625 0.49921875 0.0484375 0.06328125
2 0.3453125 0.6 0.06171875 0.06875
2 0.32734375 0.78125 0.0828125 0.096875
2 0.215625 0.90625 0.12109375 0.18515625
2 0.4046875 0.65390625 0.0703125 0.08984375
2 0.1640625 0.49296875 0.04765625 0.06328125
2 0.35625 0.42578125 0.04140625 0.07421875
6 0.50703125 0.6546875 0.11875 0.30078125
6 0.5921875 0.51015625 0.08359375 0.19453125
6 0.684375 0.34375 0.03828125 0.08359375
6 0.728125 0.396875 0.03828125 0.084375
6 0.703125 0.2875 0.02890625 0.05078125
6 0.859375 0.759375 0.08671875 0.134375
6 0.0546875 0.4546875 0.0703125 0.0984375
6 0.16484375 0.38984375 0.04375 0.09375
6 0.2171875 0.384375 0.0671875 0.1234375
6 0.31484375 0.35390625 0.05 0.103125
6 0.4234375 0.31484375 0.0328125 0.08046875
6 0.478125 0.26640625 0.02734375 0.06484375
6 0.50625 0.2375 0.03203125 0.0578125
6 0.5765625 0.20078125 0.02421875 0.0359375
6 0.6140625 0.18203125 0.02890625 0.05234375
6 0.58984375 0.171875 0.0203125 0.05625
2 0.903125 0.86328125 0.06796875 0.084375
2 0.8109375 0.73828125 0.02578125 0.08046875
2 0.7359375 0.6703125 0.07109375 0.0953125
2 0.7515625 0.609375 0.040625 0.06875
2 0.62734375 0.8453125 0.090625 0.13203125
2 0.64609375 0.7515625 0.08125 0.1421875
2 0.6984375 0.56796875 0.05390625 0.05
2 0.665625 0.69140625 0.06484375 0.11171875
2 0.709375 0.5296875 0.0375 0.040625
2 0.69921875 0.4953125 0.0421875 0.02578125
2 0.728125 0.4859375 0.03515625 0.046875
2 0.7140625 0.45234375 0.03203125 0.01484375
2 0.6609375 0.4296875 0.03671875 0.046875
2 0.64765625 0.465625 0.025 0.04453125
2 0.6671875 0.39609375 0.02890625 0.02265625
2 0.6265625 0.38125 0.03203125 0.0390625
2 0.6078125 0.3484375 0.01953125 0.0296875
2 0.52421875 0.4390625 0.0328125 0.0359375
2 0.475 0.48046875 0.05234375 0.0359375
2 0.40078125 0.54765625 0.05625 0.06328125
2 0.259375 0.6765625 0.09140625 0.12734375
2 0.05625 0.53125 0.06875 0.059375
2 0.1328125 0.459375 0.0453125 0.05390625
2 0.215625 0.46484375 0.040625 0.0484375
2 0.2484375 0.43984375 0.04609375 0.0578125
2 0.26171875 0.37578125 0.025 0.0359375
2 0.3625 0.35390625 0.03515625 0.04453125
2 0.30625 0.46640625 0.040625 0.0671875
2 0.4375 0.41953125 0.04453125 0.06484375
2 0.4765625 0.3625 0.02109375 0.03125
2 0.528125 0.3546875 0.025 0.03515625
2 0.44609375 0.36875 0.0265625 0.0359375
2 0.5171875 0.3296875 0.0234375 0.0296875
2 0.5125 0.28671875 0.01640625 0.02265625
2 0.546875 0.28125 0.01875 0.0265625
2 0.53203125 0.215625 0.01875 0.02578125
2 0.5703125 0.25703125 0.02265625 0.0265625