2 0.43125 0.94140625 0.103125 0.1140625
2 0.7953125 0.9359375 0.103125 0.128125
2 0.36015625 0.784375 0.0546875 0.078125
2 0.3890625 0.878125 0.065625 0.0921875
2 0.15390625 0.86640625 0.071875 0.0890625
2 0.62734375 0.93515625 0.0875 0.125
2 0.74609375 0.88515625 0.0578125 0.08125
2 0.4734375 0.87734375 0.0859375 0.1125
2 0.43828125 0.784375 0.06875 0.0703125
2 0.409375 0.65390625 0.0453125 0.0546875
2 0.10625 0.63515625 0.0390625 0.046875
2 0.28125 0.58671875 0.0359375 0.0546875
2 0.45390625 0.60625 0.0296875 0.034375
2 0.5140625 0.6734375 0.04375 0.0359375
2 0.48984375 0.71484375 0.046875 0.0484375
2 0.51953125 0.7 0.0140625 0.0453125
2 0.48671875 0.76640625 0.03125 0.0546875
2 0.534375 0.809375 0.0515625 0.0671875
2 0.56875 0.77421875 0.0453125 0.0609375
2 0.55546875 0.7234375 0.040625 0.0484375
2 0.5875 0.71015625 0.0234375 0.040625
2 0.62265625 0.84765625 0.0578125 0.06875
2 0.64296875 0.8015625 0.0484375 0.03125
2 0.7375 0.834375 0.0421875 0.046875
2 0.228125 0.57421875 0.0296875 0.0390625
2 0.0078125 0.67734375 0.015625 0.0515625
2 0.03359375 0.640625 0.0328125 0.025
2 0.0328125 0.678125 0.034375 0.0421875
2 0.6453125 0.7609375 0.0453125 0.0515625
2 0.67421875 0.725 0.040625 0.0484375
2 0.640625 0.7109375 0.0375 0.0484375
2 0.7078125 0.6890625 0.0390625 0.05
2 0.64921875 0.66484375 0.0375 0.046875
2 0.60234375 0.63359375 0.034375 0.0390625
2 0.6015625 0.59765625 0.028125 0.0296875
2 0.640625 0.62109375 0.0328125 0.0421875
2 0.55859375 0.5921875 0.0296875 0.03125