2 0.6609375 0.92421875 0.1046875 0.10703125
2 0.41875 0.6765625 0.0625 0.06953125
2 0.70390625 0.70546875 0.0703125 0.08828125
2 0.646875 0.5765625 0.0546875 0.07265625
2 0.3078125 0.6921875 0.06484375 0.075
2 0.703125 0.56796875 0.046875 0.065625
2 0.52578125 0.53984375 0.0484375 0.06875
2 0.4328125 0.86328125 0.0921875 0.1328125
2 0.3609375 0.56796875 0.05234375 0.0578125
2 0.8328125 0.65 0.0609375 0.07734375
2 0.58828125 0.53984375 0.04375 0.05703125
2 0.2515625 0.484375 0.040625 0.0515625
2 0.1703125 0.64609375 0.08203125 0.11953125
2 0.2734375 0.5859375 0.06015625 0.0578125
2 0.1640625 0.5640625 0.05 0.03125
2 0.315625 0.45546875 0.03984375 0.0484375
2 0.3109375 0.50234375 0.04296875 0.04765625
2 0.5546875 0.49375 0.0375 0.04609375
2 0.4828125 0.50078125 0.0390625 0.05
2 0.45625 0.4703125 0.0328125 0.04765625
2 0.5140625 0.4671875 0.0390625 0.04609375
2 0.4375 0.396875 0.03359375 0.05390625
6 0.16875 0.48046875 0.06171875 0.128125
6 0.6015625 0.45390625 0.05390625 0.10390625