2 0.375 0.74296875 0.09765625 0.13203125
2 0.25546875 0.503125 0.059375 0.0734375
2 0.5015625 0.89296875 0.12890625 0.16328125
2 0.196875 0.70859375 0.08671875 0.109375
2 0.9140625 0.65546875 0.08671875 0.11875
2 0.16328125 0.61875 0.0671875 0.08671875
2 0.9375 0.45 0.0625 0.06640625
2 0.665625 0.46171875 0.05546875 0.0671875
2 0.6046875 0.4 0.05703125 0.07578125
2 0.215625 0.8609375 0.11796875 0.13125
2 0.49375 0.35546875 0.0453125 0.05390625
2 0.16796875 0.575 0.0703125 0.06875
2 0.315625 0.44921875 0.05 0.0625
2 0.728125 0.49609375 0.0609375 0.0734375
2 0.878125 0.5703125 0.08125 0.10703125
2 0.75 0.57734375 0.08125 0.08046875
2 0.1359375 0.4859375 0.05703125 0.06640625
2 0.11875 0.4453125 0.05 0.05625
2 0.2859375 0.384375 0.05390625 0.0671875
6 0.884375 0.3671875 0.09765625 0.1671875
6 0.4546875 0.30078125 0.0609375 0.12890625
6 0.190625 0.35234375 0.0734375 0.15390625