2 0.40078125 0.7546875 0.1109375 0.1421875
2 0.25703125 0.52890625 0.0671875 0.0796875
2 0.54296875 0.890625 0.1453125 0.1765625
2 0.2203125 0.7390625 0.0984375 0.1171875
2 0.928125 0.61171875 0.0984375 0.1265625
2 0.17734375 0.653125 0.0765625 0.09375
2 0.9296875 0.4046875 0.06875 0.071875
2 0.6609375 0.44453125 0.0625 0.071875
2 0.59375 0.38984375 0.0640625 0.08125
2 0.2546875 0.8890625 0.13125 0.1421875
2 0.47890625 0.35703125 0.05 0.0578125
2 0.17734375 0.609375 0.0765625 0.075
2 0.3109375 0.46875 0.05625 0.0671875
2 0.7265625 0.47265625 0.06875 0.0796875
2 0.88359375 0.53046875 0.0921875 0.115625
2 0.75703125 0.55078125 0.0890625 0.0890625
2 0.13671875 0.52421875 0.0640625 0.071875
2 0.11484375 0.48515625 0.05625 0.0609375
2 0.275 0.40703125 0.0609375 0.071875
6 0.86875 0.328125 0.1140625 0.1765625
6 0.434375 0.30625 0.0734375 0.134375
6 0.1765625 0.38515625 0.0890625 0.1609375