2 0.6546875 0.50078125 0.065625 0.0828125
2 0.30234375 0.48984375 0.0640625 0.065625
2 0.37109375 0.61953125 0.078125 0.0875
2 0.23828125 0.63515625 0.078125 0.0875
2 0.7234375 0.4859375 0.059375 0.075
2 0.50703125 0.4578125 0.059375 0.078125
2 0.67421875 0.91640625 0.13125 0.140625
2 0.39140625 0.83515625 0.11875 0.1625
2 0.16875 0.3859375 0.05 0.046875
2 0.7265625 0.65 0.0875 0.10625
2 0.8859375 0.58671875 0.078125 0.090625
2 0.5828125 0.45546875 0.05625 0.0625
2 0.453125 0.40859375 0.0515625 0.059375
2 0.5421875 0.41015625 0.0484375 0.053125
2 0.2375 0.4140625 0.046875 0.0578125
2 0.19453125 0.50859375 0.06875 0.075
2 0.059375 0.4984375 0.0671875 0.034375
2 0.0640625 0.5765625 0.0953125 0.125
2 0.0640625 0.4421875 0.0625 0.0546875
2 0.24375 0.35390625 0.04375 0.0484375
2 0.421875 0.37265625 0.040625 0.059375
2 0.4 0.33984375 0.034375 0.0484375
2 0.396875 0.2859375 0.034375 0.053125
2 0.49375 0.36796875 0.040625 0.046875
2 0.475 0.33828125 0.03125 0.040625
2 0.5125 0.30625 0.028125 0.0390625
4 0.59921875 0.36015625 0.0546875 0.103125
6 0.53828125 0.2515625 0.0390625 0.0953125
6 0.065625 0.36875 0.0734375 0.096875
6 0.171875 0.2625 0.046875 0.11875