2 0.6546875 0.50078125 0.06484375 0.0828125
2 0.30234375 0.48984375 0.0640625 0.06640625
2 0.37109375 0.61953125 0.078125 0.0875
2 0.23828125 0.63515625 0.078125 0.08671875
2 0.7234375 0.4859375 0.05859375 0.075
2 0.50703125 0.4578125 0.059375 0.07734375
2 0.67421875 0.91640625 0.13125 0.14140625
2 0.39140625 0.83515625 0.11875 0.1625
2 0.16875 0.3859375 0.05 0.04609375
2 0.7265625 0.65 0.08828125 0.10625
2 0.8859375 0.58671875 0.078125 0.08984375
2 0.5828125 0.45546875 0.05546875 0.0625
2 0.453125 0.40859375 0.0515625 0.05859375
2 0.5421875 0.41015625 0.0484375 0.05390625
2 0.2375 0.4140625 0.04765625 0.0578125
2 0.19453125 0.50859375 0.06875 0.07421875
2 0.059375 0.4984375 0.0671875 0.03515625
2 0.0640625 0.5765625 0.0953125 0.12421875
2 0.0640625 0.4421875 0.06171875 0.0546875
2 0.24375 0.35390625 0.04375 0.0484375
2 0.421875 0.37265625 0.03984375 0.06015625
2 0.4 0.33984375 0.03359375 0.0484375
2 0.396875 0.2859375 0.03515625 0.05390625
2 0.49375 0.36796875 0.03984375 0.04765625
2 0.475 0.33828125 0.03046875 0.04140625
2 0.5125 0.30625 0.02734375 0.0390625
4 0.59921875 0.36015625 0.0546875 0.10234375
6 0.53828125 0.2515625 0.0390625 0.0953125
6 0.065625 0.36875 0.0734375 0.09609375
6 0.171875 0.2625 0.046875 0.11796875