2 0.59921875 0.86171875 0.2421875 0.2765625
2 0.06328125 0.35859375 0.0984375 0.10625
2 0.32890625 0.2859375 0.084375 0.0921875
2 0.334375 0.49765625 0.11875 0.11875
2 0.50234375 0.5171875 0.1125 0.1265625
2 0.65859375 0.67734375 0.1640625 0.1546875
2 0.315625 0.6578125 0.128125 0.13125
2 0.53515625 0.3921875 0.0984375 0.0796875
2 0.60390625 0.33671875 0.0921875 0.0875
2 0.29375 0.59140625 0.1171875 0.10625
2 0.2984375 0.26328125 0.0796875 0.0890625
2 0.15546875 0.31640625 0.1 0.109375
2 0.709375 0.45390625 0.1171875 0.1390625
2 0.80390625 0.20234375 0.0875 0.0875
2 0.86796875 0.08515625 0.0703125 0.075
2 0.921875 0.1859375 0.0734375 0.1015625
2 0.62421875 0.15234375 0.0734375 0.075
2 0.46015625 0.2328125 0.0625 0.0859375
2 0.42265625 0.2 0.059375 0.0625