2 0.8109375 0.6953125 0.29375 0.3171875
2 0.965625 0.57890625 0.06875 0.1046875
2 0.6421875 0.61484375 0.1390625 0.128125
2 0.2796875 0.64296875 0.0578125 0.0671875
2 0.3421875 0.64609375 0.0921875 0.1078125
2 0.725 0.47421875 0.0421875 0.05
2 0.49296875 0.64453125 0.1015625 0.0921875
2 0.4203125 0.62578125 0.0703125 0.0734375
2 0.2375 0.540625 0.0421875 0.040625
2 0.2953125 0.50703125 0.04375 0.040625
2 0.34453125 0.48828125 0.0375 0.03125
2 0.33359375 0.46875 0.0328125 0.028125
2 0.196875 0.478125 0.0375 0.0328125
2 0.52578125 0.446875 0.0421875 0.04375
2 0.6734375 0.4484375 0.040625 0.034375
2 0.6609375 0.4734375 0.040625 0.040625
2 0.66796875 0.51640625 0.046875 0.0453125
6 0.84609375 0.5046875 0.06875 0.075