2 0.2109375 0.7265625 0.2640625 0.290625
2 0.0375 0.62890625 0.07421875 0.09765625
2 0.3703125 0.62890625 0.128125 0.115625
2 0.734375 0.61875 0.0515625 0.0625
2 0.671875 0.62890625 0.08203125 0.1
2 0.2734375 0.49765625 0.03828125 0.04609375
2 0.521875 0.64296875 0.09296875 0.08359375
2 0.5921875 0.61640625 0.06328125 0.06640625
2 0.765625 0.51328125 0.03828125 0.0375
2 0.7046875 0.4859375 0.03984375 0.03671875
2 0.653125 0.471875 0.034375 0.02734375
2 0.6625 0.4515625 0.03046875 0.02578125
2 0.79921875 0.446875 0.034375 0.02890625
2 0.46875 0.45 0.0375 0.03984375
2 0.321875 0.4671875 0.0375 0.03046875
2 0.3375 0.490625 0.03671875 0.0375
2 0.334375 0.53359375 0.0421875 0.040625
6 0.15625 0.540625 0.0625 0.06875