2 0.38203125 0.85703125 0.253125 0.2859375
2 0.94375 0.38203125 0.1015625 0.109375
2 0.68203125 0.2953125 0.0875 0.0953125
2 0.665625 0.50625 0.1234375 0.1234375
2 0.496875 0.5171875 0.1171875 0.13125
2 0.3328125 0.66875 0.16875 0.159375
2 0.67578125 0.6671875 0.1328125 0.1359375
2 0.47109375 0.390625 0.1 0.0828125
2 0.4046875 0.33125 0.09375 0.090625
2 0.70078125 0.6015625 0.1203125 0.1109375
2 0.71328125 0.27421875 0.0828125 0.0921875
2 0.85390625 0.33515625 0.103125 0.1125
2 0.29375 0.44296875 0.1234375 0.1421875
2 0.2125 0.18671875 0.090625 0.090625
2 0.15390625 0.06640625 0.071875 0.0765625
2 0.09453125 0.1640625 0.0765625 0.103125
2 0.39375 0.14609375 0.0765625 0.078125
2 0.55390625 0.23515625 0.0671875 0.0875
2 0.59296875 0.2046875 0.0609375 0.0640625