2 0.5359375 0.74296875 0.05390625 0.08125
2 0.05859375 0.678125 0.0515625 0.05546875
2 0.409375 0.8296875 0.06171875 0.07734375
2 0.1578125 0.684375 0.0609375 0.0625
6 0.30625 0.87421875 0.0953125 0.14296875
2 0.60625 0.79296875 0.05859375 0.0953125
2 0.3625 0.6984375 0.0484375 0.05546875
2 0.2078125 0.8421875 0.08125 0.08828125
6 0.421875 0.628125 0.03671875 0.0515625
6 0.590625 0.55078125 0.01796875 0.0390625
2 0.21015625 0.62265625 0.028125 0.03515625
2 0.284375 0.61015625 0.03203125 0.034375
2 0.3703125 0.61875 0.028125 0.03515625
2 0.3875 0.58046875 0.02265625 0.02109375
2 0.4671875 0.67265625 0.0359375 0.04453125
2 0.49296875 0.62109375 0.0234375 0.04140625
2 0.51328125 0.603125 0.015625 0.02734375
2 0.54296875 0.64609375 0.028125 0.0375
2 0.55703125 0.615625 0.0203125 0.03046875
2 0.47265625 0.60703125 0.025 0.0296875
2 0.4328125 0.56171875 0.01953125 0.02109375
2 0.4703125 0.5578125 0.01484375 0.01875
2 0.5421875 0.578125 0.01875 0.02578125