2 0.19765625 0.80859375 0.1140625 0.09375
2 0.04375 0.88125 0.0875 0.096875
2 0.165625 0.76796875 0.0984375 0.0859375
2 0.3875 0.68828125 0.075 0.0578125
2 0.4546875 0.690625 0.0609375 0.065625
2 0.35078125 0.7375 0.0765625 0.084375
2 0.290625 0.71328125 0.0796875 0.0890625
2 0.35234375 0.54140625 0.046875 0.0390625
2 0.1765625 0.49296875 0.040625 0.0421875
2 0.2078125 0.4828125 0.03125 0.0390625
2 0.11171875 0.471875 0.025 0.03125
2 0.30546875 0.47265625 0.0328125 0.028125
2 0.296875 0.4890625 0.0234375 0.0203125
2 0.4 0.50625 0.046875 0.0375
2 0.4359375 0.50703125 0.028125 0.0296875
2 0.45703125 0.52734375 0.0375 0.0296875
2 0.4890625 0.52109375 0.0234375 0.0265625
2 0.46484375 0.50078125 0.025 0.0203125
2 0.55234375 0.53203125 0.0375 0.0296875
2 0.52578125 0.53984375 0.0484375 0.0375
6 0.5625 0.5203125 0.053125 0.0484375
0 0.7 0.96640625 0.0234375 0.0640625
0 0.8890625 0.7046875 0.015625 0.0546875
0 0.9140625 0.7109375 0.0171875 0.059375