2 0.860938 0.835938 0.171875 0.115625
2 0.585156 0.716406 0.132812 0.092188
2 0.592969 0.885156 0.207813 0.154688
2 0.517188 0.803125 0.153125 0.106250
2 0.957031 0.777344 0.082812 0.114062
2 0.928125 0.633594 0.053125 0.051562
2 0.931250 0.703906 0.121875 0.092188
2 0.271875 0.754687 0.168750 0.084375
2 0.635938 0.657031 0.096875 0.064062
2 0.748437 0.770312 0.146875 0.093750
2 0.726562 0.611719 0.056250 0.054688
2 0.826562 0.522656 0.062500 0.048438
2 0.882812 0.576562 0.040625 0.046875
2 0.043750 0.883594 0.087500 0.114062
2 0.824219 0.575781 0.039062 0.051562
2 0.982812 0.625000 0.034375 0.068750
2 0.767969 0.709375 0.114062 0.065625
2 0.854688 0.628906 0.050000 0.064062
2 0.503125 0.677344 0.118750 0.089063
2 0.764062 0.560937 0.034375 0.043750
2 0.743750 0.534375 0.037500 0.040625
2 0.678125 0.474219 0.018750 0.026562
2 0.700000 0.471875 0.018750 0.025000
2 0.731250 0.476562 0.018750 0.018750
2 0.739062 0.487500 0.028125 0.018750
2 0.757812 0.503906 0.028125 0.026562
2 0.811719 0.461719 0.035937 0.026562
2 0.472656 0.508594 0.048438 0.032813
2 0.487500 0.487500 0.021875 0.025000
2 0.506250 0.478125 0.015625 0.025000
2 0.526563 0.489844 0.021875 0.023438
2 0.550000 0.492188 0.021875 0.021875
2 0.576562 0.486719 0.018750 0.023438
2 0.081250 0.616406 0.084375 0.039062
2 0.115625 0.667188 0.103125 0.093750
2 0.168750 0.595313 0.037500 0.059375
2 0.771094 0.637500 0.057813 0.075000
0 0.839844 0.944531 0.045312 0.104688
0 0.896875 0.518750 0.009375 0.043750
0 0.262500 0.524219 0.009375 0.032813
2 0.640625 0.507812 0.034375 0.034375
