2 0.55390625 0.82265625 0.071875 0.08125
2 0.659375 0.85234375 0.0828125 0.0890625
2 0.54375 0.7171875 0.053125 0.075
2 0.615625 0.71171875 0.046875 0.0546875
2 0.8578125 0.890625 0.0609375 0.0609375
2 0.9015625 0.93203125 0.0515625 0.065625
2 0.6125 0.978125 0.090625 0.04375
2 0.5765625 0.61875 0.0265625 0.0390625
2 0.60703125 0.67109375 0.0359375 0.0375
2 0.6234375 0.6265625 0.0265625 0.0359375
2 0.8625 0.82890625 0.0421875 0.0421875
2 0.80625 0.81484375 0.0375 0.04375
2 0.8390625 0.81015625 0.025 0.03125
2 0.8890625 0.79921875 0.034375 0.040625
2 0.865625 0.7828125 0.028125 0.0390625
2 0.92265625 0.78359375 0.0265625 0.0359375
6 0.9203125 0.71796875 0.0375 0.053125
6 0.21640625 0.6359375 0.053125 0.0671875
6 0.08359375 0.71015625 0.1671875 0.2984375