2 0.846875 0.771875 0.175000 0.181250
2 0.616406 0.820312 0.189062 0.187500
2 0.342187 0.878906 0.200000 0.195312
2 0.170313 0.816406 0.153125 0.160938
2 0.699219 0.746875 0.154688 0.159375
2 0.800000 0.907813 0.256250 0.143750
2 0.961719 0.798438 0.076563 0.240625
2 0.919531 0.623437 0.132812 0.128125
2 0.471094 0.781250 0.164062 0.193750
2 0.180469 0.720313 0.117188 0.125000
2 0.075781 0.766406 0.101562 0.145313
2 0.217188 0.657813 0.093750 0.115625
2 0.432812 0.586719 0.081250 0.082812
2 0.242188 0.522656 0.056250 0.064062
2 0.957812 0.585938 0.084375 0.106250
2 0.826562 0.554688 0.087500 0.109375
2 0.920312 0.532031 0.106250 0.082812
2 0.622656 0.585156 0.101562 0.117188
2 0.493750 0.589844 0.071875 0.076563
2 0.089063 0.606250 0.081250 0.093750
2 0.545312 0.593750 0.087500 0.090625
2 0.753125 0.592969 0.118750 0.139063
2 0.140625 0.571875 0.059375 0.071875
2 0.706250 0.509375 0.056250 0.059375
2 0.120313 0.613281 0.090625 0.076563
2 0.680469 0.589844 0.067187 0.132812
2 0.447656 0.513281 0.035937 0.039062
2 0.476562 0.531250 0.037500 0.031250
2 0.510938 0.531250 0.053125 0.037500
2 0.546875 0.491406 0.050000 0.051562
2 0.500000 0.463281 0.046875 0.039062
2 0.574219 0.451562 0.039062 0.037500
2 0.617188 0.488281 0.065625 0.060937
2 0.604688 0.398438 0.040625 0.043750
2 0.527344 0.401562 0.045312 0.043750
2 0.502344 0.424219 0.051562 0.039062
2 0.195312 0.548438 0.056250 0.050000
2 0.172656 0.505469 0.057813 0.042188
2 0.171094 0.449219 0.045312 0.039062
2 0.113281 0.413281 0.048438 0.054688
2 0.252344 0.428906 0.042188 0.045312
