2 0.397656 0.860938 0.148438 0.156250
2 0.722656 0.882812 0.126562 0.125000
2 0.653906 0.860156 0.098437 0.107813
2 0.877344 0.890625 0.185938 0.209375
2 0.192188 0.794531 0.068750 0.095312
2 0.492188 0.847656 0.103125 0.110937
2 0.100000 0.764844 0.065625 0.067187
2 0.155469 0.771875 0.045312 0.087500
2 0.257812 0.807813 0.100000 0.131250
2 0.312500 0.814844 0.050000 0.117188
2 0.599219 0.844531 0.095312 0.114062
2 0.780469 0.843750 0.085938 0.093750
2 0.952344 0.875000 0.032813 0.100000
2 0.546094 0.837500 0.039062 0.096875
