2 0.10078125 0.78828125 0.1859375 0.1359375
2 0.3890625 0.7046875 0.14375 0.1078125
2 0.36171875 0.87109375 0.225 0.178125
4 0.73984375 0.62421875 0.1421875 0.1296875
2 0.44609375 0.7984375 0.1640625 0.1234375
2 0.03046875 0.71953125 0.0609375 0.1234375
2 0.059375 0.58046875 0.059375 0.0578125
2 0.05703125 0.65 0.1140625 0.10625
2 0.6953125 0.78046875 0.178125 0.1046875
2 0.34609375 0.6390625 0.1046875 0.075
2 0.2203125 0.7375 0.15625 0.1109375
2 0.26171875 0.58359375 0.0625 0.0609375
2 0.1734375 0.4828125 0.06875 0.0546875
2 0.1109375 0.52890625 0.0453125 0.0515625
2 0.90625 0.93671875 0.1 0.1234375
2 0.16875 0.5359375 0.0453125 0.05625
2 0.01328125 0.565625 0.0265625 0.071875
2 0.209375 0.675 0.121875 0.0796875
2 0.13203125 0.584375 0.05625 0.06875
2 0.475 0.675 0.128125 0.103125
2 0.23125 0.528125 0.0390625 0.0484375
2 0.25390625 0.50390625 0.0421875 0.0453125
2 0.3265625 0.45234375 0.021875 0.028125
2 0.30546875 0.44765625 0.021875 0.028125
2 0.27421875 0.44765625 0.0203125 0.0203125
2 0.2640625 0.45859375 0.03125 0.021875
2 0.24375 0.47265625 0.03125 0.0296875
2 0.1953125 0.4234375 0.0390625 0.03125
2 0.52578125 0.51171875 0.0515625 0.0390625
2 0.5140625 0.4890625 0.0234375 0.0265625
2 0.49609375 0.47734375 0.01875 0.028125
2 0.47578125 0.48671875 0.025 0.0265625
2 0.4515625 0.48515625 0.0234375 0.025
2 0.4265625 0.47734375 0.021875 0.0265625
2 0.90234375 0.66640625 0.0890625 0.0484375
2 0.8609375 0.7125 0.1140625 0.10625
2 0.8171875 0.634375 0.04375 0.0640625
4 0.6328125 0.571875 0.1015625 0.1125
4 0.6765625 0.553125 0.0828125 0.0703125
4 0.91171875 0.5171875 0.059375 0.053125
4 0.94921875 0.64921875 0.08125 0.0953125
4 0.96875 0.678125 0.0359375 0.0828125
4 0.82890625 0.60234375 0.1125 0.078125
4 0.72734375 0.88515625 0.25 0.2046875
2 0.2140625 0.603125 0.0671875 0.0828125
0 0.10859375 0.9 0.0578125 0.109375
0 0.10390625 0.4703125 0.0140625 0.0453125
0 0.7328125 0.553125 0.0140625 0.034375
2 0.359375 0.490625 0.0390625 0.0390625