2 0.819531 0.903906 0.198437 0.151562
2 0.562500 0.727344 0.153125 0.120313
2 0.536719 0.900781 0.242188 0.198437
2 0.477344 0.803125 0.176563 0.137500
2 0.913281 0.860156 0.073438 0.126562
2 0.927344 0.710156 0.064062 0.064062
2 0.903906 0.779687 0.117188 0.112500
2 0.236719 0.705469 0.189062 0.120313
2 0.626563 0.678125 0.112500 0.084375
2 0.717969 0.814063 0.167187 0.125000
2 0.727344 0.649219 0.067187 0.067187
2 0.847656 0.578906 0.073438 0.060937
2 0.892188 0.642969 0.050000 0.054688
2 0.016406 0.791406 0.032813 0.132812
2 0.834375 0.632031 0.050000 0.060937
2 0.748437 0.757031 0.128125 0.089063
2 0.854688 0.691406 0.062500 0.073438
2 0.487500 0.671094 0.137500 0.114062
2 0.775000 0.603906 0.043750 0.051562
2 0.760938 0.571875 0.046875 0.050000
2 0.704688 0.499219 0.025000 0.029687
2 0.726562 0.500781 0.025000 0.029687
2 0.758594 0.510156 0.023438 0.023438
2 0.764844 0.525000 0.032813 0.025000
2 0.781250 0.544531 0.034375 0.032813
2 0.844531 0.512500 0.042188 0.034375
2 0.489063 0.493750 0.056250 0.043750
2 0.508594 0.475781 0.026562 0.029687
2 0.529687 0.467969 0.021875 0.029687
2 0.547656 0.485156 0.026562 0.029687
2 0.571094 0.491406 0.026562 0.026562
2 0.597656 0.491406 0.023438 0.029687
2 0.068750 0.526563 0.093750 0.056250
2 0.093750 0.585156 0.125000 0.117188
2 0.162500 0.521094 0.050000 0.067187
2 0.767969 0.685156 0.073438 0.089063
0 0.776563 0.976562 0.065625 0.046875
0 0.919531 0.587500 0.017188 0.046875
0 0.271094 0.467969 0.017188 0.035937
2 0.660937 0.526563 0.043750 0.043750
