2 0.80859375 0.77890625 0.14453125 0.15078125
2 0.58828125 0.79375 0.15703125 0.1546875
2 0.3265625 0.8125 0.165625 0.16171875
2 0.175 0.73203125 0.125 0.13515625
2 0.675 0.73671875 0.128125 0.1328125
2 0.74765625 0.921875 0.22734375 0.15078125
2 0.94453125 0.82265625 0.1078125 0.21328125
2 0.8953125 0.65 0.1109375 0.10546875
2 0.4578125 0.7390625 0.1328125 0.165625
2 0.196875 0.64375 0.0953125 0.10546875
2 0.08046875 0.6734375 0.1046875 0.1265625
2 0.23984375 0.59140625 0.075 0.09921875
2 0.4484375 0.553125 0.06640625 0.06875
2 0.2796875 0.46953125 0.04609375 0.053125
2 0.94609375 0.62265625 0.08671875 0.08828125
2 0.8171875 0.57421875 0.0703125 0.09375
2 0.90859375 0.56484375 0.090625 0.06484375
2 0.625 0.5765625 0.08203125 0.09921875
2 0.50390625 0.5640625 0.05859375 0.0640625
2 0.1265625 0.525 0.065625 0.0796875
2 0.5515625 0.57421875 0.071875 0.07578125
2 0.74375 0.60078125 0.0953125 0.11875
2 0.17890625 0.50078125 0.04765625 0.0609375
2 0.71171875 0.5171875 0.046875 0.04921875
2 0.15546875 0.5375 0.07734375 0.0625
2 0.0328125 0.48984375 0.0546875 0.06484375
2 0.025 0.55703125 0.05 0.0703125
2 0.67890625 0.5875 0.046875 0.11875
2 0.47109375 0.4859375 0.03046875 0.0328125
2 0.496875 0.50703125 0.03125 0.025
2 0.528125 0.51171875 0.046875 0.02890625
2 0.56640625 0.478125 0.040625 0.04296875
2 0.5265625 0.446875 0.03984375 0.03125
2 0.596875 0.446875 0.03203125 0.03125
2 0.63203125 0.4859375 0.05546875 0.05078125
2 0.6328125 0.40078125 0.0328125 0.03671875
2 0.5609375 0.39296875 0.0375 0.03671875
2 0.534375 0.41171875 0.04375 0.03125
2 0.2328125 0.4859375 0.046875 0.040625
2 0.2171875 0.44375 0.05078125 0.0328125
2 0.22265625 0.39140625 0.0390625 0.0328125
2 0.1734375 0.35 0.0390625 0.046875
2 0.30234375 0.38359375 0.034375 0.0375
4 0.415625 0.5078125 0.08125 0.1015625
4 0.6765625 0.44765625 0.05859375 0.1015625
6 0.10625 0.45 0.08125 0.134375
0 0.02109375 0.63984375 0.03203125 0.08203125
3 0.0203125 0.6625 0.0265625 0.06875