2 0.506250 0.858594 0.115625 0.123438
2 0.223438 0.849219 0.100000 0.098437
2 0.285156 0.835156 0.076563 0.085938
2 0.090625 0.840625 0.143750 0.165625
2 0.689063 0.821094 0.053125 0.076563
2 0.427344 0.839063 0.079687 0.087500
2 0.770312 0.804688 0.053125 0.053125
2 0.721875 0.803906 0.031250 0.073438
2 0.631250 0.826562 0.075000 0.106250
2 0.583594 0.827344 0.032813 0.098437
2 0.335156 0.825781 0.073438 0.092188
2 0.178906 0.809375 0.067187 0.075000
2 0.018750 0.821875 0.034375 0.084375
2 0.379688 0.825000 0.025000 0.081250
