2 0.40234375 0.725 0.0734375 0.0921875
2 0.88046875 0.7859375 0.0640625 0.0671875
2 0.50234375 0.8421875 0.0796875 0.090625
2 0.7828125 0.76640625 0.075 0.0765625
6 0.590625 0.91171875 0.1296875 0.1625
2 0.321875 0.75546875 0.08125 0.1078125
2 0.58125 0.72734375 0.0609375 0.065625
2 0.69375 0.90625 0.1015625 0.10625
6 0.5421875 0.64375 0.0484375 0.059375
6 0.39921875 0.52578125 0.028125 0.0421875
2 0.7484375 0.69375 0.0359375 0.040625
2 0.6796875 0.6625 0.0390625 0.0421875
2 0.59453125 0.6484375 0.0359375 0.040625
2 0.5875 0.60703125 0.0265625 0.0265625
2 0.48671875 0.675 0.046875 0.0515625
2 0.47578125 0.61875 0.0328125 0.0453125
2 0.46015625 0.59609375 0.021875 0.0296875
2 0.4203125 0.6296875 0.0375 0.04375
2 0.41484375 0.596875 0.028125 0.034375
2 0.4984375 0.61015625 0.03125 0.034375
2 0.54921875 0.57734375 0.025 0.025
2 0.5140625 0.56328125 0.01875 0.021875
2 0.4390625 0.56484375 0.025 0.0296875