2 0.689844 0.959375 0.082812 0.081250
2 0.558594 0.871875 0.070312 0.078125
2 0.240625 0.885938 0.084375 0.081250
2 0.551562 0.756250 0.050000 0.059375
2 0.653906 0.873437 0.073438 0.084375
2 0.381250 0.782031 0.056250 0.064062
2 0.364063 0.880469 0.075000 0.085938
2 0.564063 0.984375 0.084375 0.031250
2 0.339844 0.823438 0.064062 0.071875
2 0.295312 0.785156 0.056250 0.067187
2 0.653125 0.814844 0.062500 0.054688
2 0.620313 0.744531 0.046875 0.057813
2 0.612500 0.710938 0.037500 0.040625
2 0.596094 0.685937 0.035937 0.034375
2 0.599219 0.701562 0.039062 0.037500
2 0.534375 0.681250 0.040625 0.043750
2 0.540625 0.706250 0.040625 0.040625
2 0.414062 0.720313 0.040625 0.046875
2 0.452344 0.645312 0.026562 0.037500
2 0.429688 0.675781 0.031250 0.035937
2 0.383594 0.653125 0.026562 0.031250
2 0.364063 0.677344 0.031250 0.039062
2 0.332813 0.704688 0.040625 0.046875
2 0.362500 0.735938 0.046875 0.050000
2 0.324219 0.754687 0.039062 0.046875
2 0.336719 0.936719 0.117188 0.104688
