2 0.81796875 0.76796875 0.15 0.15625
2 0.5984375 0.790625 0.1625 0.159375
2 0.3375 0.81875 0.171875 0.1671875
2 0.18359375 0.74296875 0.1296875 0.1390625
2 0.6828125 0.73046875 0.1328125 0.1375
2 0.7625 0.91328125 0.2328125 0.159375
2 0.9484375 0.80703125 0.103125 0.2171875
2 0.9 0.6359375 0.1140625 0.109375
2 0.46640625 0.740625 0.1390625 0.1703125
2 0.20234375 0.65390625 0.0984375 0.109375
2 0.08671875 0.68828125 0.109375 0.1296875
2 0.24296875 0.60078125 0.078125 0.1015625
2 0.45 0.5546875 0.06875 0.0703125
2 0.27890625 0.47734375 0.0484375 0.0546875
2 0.95 0.60703125 0.0890625 0.090625
2 0.81953125 0.56328125 0.0734375 0.096875
2 0.9109375 0.55078125 0.0921875 0.0671875
2 0.62734375 0.571875 0.0859375 0.1015625
2 0.50625 0.5640625 0.0609375 0.065625
2 0.12734375 0.53828125 0.06875 0.08125
2 0.55390625 0.57265625 0.075 0.078125
2 0.746875 0.5921875 0.1 0.121875
2 0.17890625 0.51171875 0.05 0.0625
2 0.7125 0.51015625 0.0484375 0.0515625
2 0.15703125 0.54921875 0.0796875 0.065625
2 0.0328125 0.50625 0.05625 0.0671875
2 0.02734375 0.5734375 0.053125 0.071875
2 0.68203125 0.58125 0.0515625 0.1203125
2 0.4703125 0.48671875 0.03125 0.034375
2 0.496875 0.50703125 0.0328125 0.0265625
2 0.52890625 0.5109375 0.0484375 0.03125
2 0.565625 0.47578125 0.0421875 0.04375
2 0.525 0.44609375 0.040625 0.0328125
2 0.5953125 0.44375 0.0328125 0.0328125
2 0.63125 0.48125 0.0578125 0.053125
2 0.62890625 0.39609375 0.034375 0.0375
2 0.55703125 0.390625 0.0390625 0.0375
2 0.53125 0.4109375 0.0453125 0.0328125
2 0.2328125 0.4953125 0.0484375 0.0421875
2 0.215625 0.45390625 0.0515625 0.034375
2 0.21875 0.40078125 0.040625 0.034375
2 0.16875 0.36171875 0.040625 0.0484375
2 0.2984375 0.390625 0.0359375 0.0390625
4 0.415625 0.5109375 0.084375 0.1046875
4 0.675 0.44140625 0.0625 0.103125
6 0.1046875 0.4640625 0.0859375 0.1375
0 0.0265625 0.65625 0.034375 0.0828125
3 0.0265625 0.67890625 0.0296875 0.0703125