2 0.88203125 0.72265625 0.1578125 0.159375
2 0.9484375 0.7234375 0.103125 0.21875
2 0.125 0.86015625 0.1625 0.234375
2 0.13984375 0.83515625 0.1546875 0.1984375
2 0.87890625 0.6546875 0.146875 0.0953125
2 0.68046875 0.68984375 0.059375 0.059375
2 0.640625 0.68203125 0.059375 0.0640625
0 0.6640625 0.7828125 0.0671875 0.1921875
0 0.6859375 0.79296875 0.05625 0.1640625
2 0.2140625 0.83828125 0.084375 0.146875
2 0.3515625 0.7390625 0.0875 0.08125
2 0.396875 0.73203125 0.021875 0.0546875
2 0.49140625 0.71484375 0.0359375 0.0421875
2 0.41328125 0.73046875 0.0265625 0.0578125
2 0.5421875 0.69140625 0.0203125 0.025
2 0.6078125 0.6890625 0.0421875 0.053125