2 0.798438 0.805469 0.106250 0.101562
2 0.832031 0.759375 0.092188 0.093750
2 0.953125 0.885938 0.090625 0.096875
2 0.543750 0.675000 0.056250 0.068750
2 0.609375 0.661719 0.059375 0.048438
2 0.650000 0.727344 0.078125 0.082812
2 0.704688 0.710156 0.084375 0.095312
2 0.650000 0.512500 0.046875 0.040625
2 0.826562 0.467187 0.037500 0.034375
2 0.695312 0.446094 0.031250 0.029687
2 0.598437 0.477344 0.043750 0.039062
2 0.563281 0.476562 0.023438 0.031250
2 0.530469 0.467969 0.026562 0.026562
2 0.446875 0.496875 0.037500 0.028125
2 0.429688 0.484375 0.028125 0.040625
0 0.295312 0.965625 0.028125 0.065625
0 0.108594 0.677344 0.014063 0.051562
0 0.082812 0.685937 0.012500 0.062500
