2 0.796875 0.8140625 0.11171875 0.0921875
2 0.953125 0.88984375 0.09296875 0.0953125
2 0.8296875 0.7734375 0.09765625 0.08359375
2 0.609375 0.68984375 0.07421875 0.05703125
2 0.5421875 0.69140625 0.06015625 0.06484375
2 0.6453125 0.73984375 0.07578125 0.08359375
2 0.70546875 0.7171875 0.078125 0.08828125
2 0.646875 0.54375 0.04609375 0.0375
2 0.8234375 0.4984375 0.03984375 0.04140625
2 0.7921875 0.48828125 0.03125 0.0390625
2 0.8890625 0.47890625 0.02421875 0.03125
2 0.6953125 0.47578125 0.03203125 0.02734375
2 0.703125 0.49296875 0.0234375 0.01953125
2 0.6 0.5078125 0.04609375 0.03671875
2 0.5640625 0.5078125 0.02734375 0.02890625
2 0.5421875 0.528125 0.03671875 0.0296875
2 0.5109375 0.52109375 0.02265625 0.02578125
2 0.53515625 0.5015625 0.025 0.01953125
2 0.446875 0.53125 0.0375 0.02890625
2 0.4734375 0.5390625 0.0484375 0.03671875
6 0.4375 0.51953125 0.05234375 0.046875
0 0.2921875 0.9625 0.02265625 0.0640625
0 0.1078125 0.69765625 0.01484375 0.0546875
0 0.08203125 0.70390625 0.015625 0.05859375