2 0.767188 0.838281 0.118750 0.114062
2 0.806250 0.796094 0.103125 0.104688
2 0.913281 0.935156 0.098437 0.107813
2 0.525000 0.681250 0.062500 0.075000
2 0.592969 0.675000 0.064062 0.053125
2 0.625781 0.744531 0.085938 0.092188
2 0.682813 0.733594 0.093750 0.104688
2 0.649219 0.527344 0.051562 0.045312
2 0.832031 0.502344 0.042188 0.039062
2 0.701562 0.467969 0.034375 0.032813
2 0.599219 0.487500 0.048438 0.043750
2 0.564844 0.483594 0.026562 0.032813
2 0.532031 0.471094 0.029687 0.029687
2 0.445312 0.490625 0.040625 0.031250
2 0.430469 0.477344 0.032813 0.045312
0 0.245312 0.944531 0.034375 0.064062
0 0.087500 0.637500 0.018750 0.053125
0 0.060156 0.642969 0.020313 0.064062
