2 0.525 0.75078125 0.15625 0.2140625
2 0.54296875 0.62109375 0.0578125 0.075
2 0.5734375 0.6640625 0.071875 0.1
2 0.27890625 0.6296875 0.0984375 0.1265625
2 0.44609375 0.58984375 0.053125 0.0671875
2 0.50390625 0.59140625 0.0421875 0.0515625
3 0.38671875 0.61875 0.021875 0.0375
3 0.359375 0.62890625 0.0265625 0.04375
3 0.3453125 0.61328125 0.0203125 0.040625
3 0.32265625 0.640625 0.025 0.0453125
3 0.2234375 0.6125 0.025 0.04375
3 0.43984375 0.7265625 0.0546875 0.096875
3 0.62265625 0.696875 0.0375 0.06875
3 0.6453125 0.6875 0.0328125 0.0625
0 0.628125 0.6703125 0.0328125 0.078125
0 0.6484375 0.65625 0.034375 0.0765625
0 0.44921875 0.67890625 0.05625 0.13125
0 0.228125 0.58671875 0.0296875 0.06875
0 0.090625 0.57578125 0.0390625 0.0953125
0 0.32890625 0.6046875 0.0328125 0.0859375
0 0.35 0.5890625 0.0203125 0.0546875
0 0.3671875 0.5984375 0.0265625 0.06875
0 0.39140625 0.59375 0.0203125 0.0484375