2 0.796875 0.814844 0.112500 0.092188
2 0.953125 0.889844 0.093750 0.095312
2 0.829688 0.773438 0.096875 0.084375
2 0.609375 0.689844 0.075000 0.057813
2 0.542188 0.691406 0.059375 0.064062
2 0.645312 0.739844 0.075000 0.082812
2 0.706250 0.717187 0.078125 0.087500
2 0.646875 0.543750 0.046875 0.037500
2 0.823438 0.498437 0.040625 0.040625
2 0.792188 0.488281 0.031250 0.039062
2 0.889062 0.479687 0.025000 0.031250
2 0.695312 0.475781 0.031250 0.026562
2 0.703906 0.492969 0.023438 0.020313
2 0.600000 0.507812 0.046875 0.037500
2 0.564063 0.507812 0.028125 0.028125
2 0.542188 0.528906 0.037500 0.029687
2 0.510938 0.521094 0.021875 0.026562
2 0.535937 0.501563 0.025000 0.018750
2 0.446875 0.531250 0.037500 0.028125
2 0.474219 0.539062 0.048438 0.037500
0 0.292187 0.963281 0.021875 0.064062
0 0.107813 0.697656 0.015625 0.054688
0 0.082812 0.703906 0.015625 0.057813
