2 0.927344 0.819531 0.145313 0.167187
2 0.982031 0.838281 0.035937 0.226562
2 0.086719 0.878906 0.129688 0.242188
2 0.096094 0.859375 0.148438 0.212500
2 0.930469 0.742969 0.139063 0.092188
2 0.714844 0.760156 0.060937 0.060937
2 0.671094 0.746094 0.060937 0.067187
0 0.685937 0.862500 0.053125 0.215625
0 0.708594 0.877344 0.045312 0.185938
2 0.175781 0.871094 0.079687 0.160938
2 0.341406 0.776563 0.092188 0.084375
2 0.393750 0.773438 0.018750 0.062500
2 0.501563 0.764844 0.037500 0.045312
2 0.411719 0.774219 0.023438 0.064062
2 0.560156 0.746094 0.020313 0.026562
2 0.634375 0.750781 0.040625 0.057813
