2 0.85625 0.71484375 0.1703125 0.175
2 0.64296875 0.771875 0.184375 0.18125
2 0.3890625 0.83984375 0.19375 0.190625
2 0.225 0.78984375 0.1484375 0.15625
2 0.7171875 0.69921875 0.1515625 0.1546875
2 0.8234375 0.8671875 0.2515625 0.190625
2 0.96171875 0.73203125 0.0765625 0.2296875
2 0.91640625 0.571875 0.1296875 0.125
2 0.50390625 0.74296875 0.1625 0.1875
2 0.2296875 0.69921875 0.1140625 0.121875
2 0.12109375 0.75 0.1265625 0.14375
2 0.26171875 0.6390625 0.0921875 0.1109375
2 0.459375 0.56171875 0.078125 0.0796875
2 0.278125 0.5125 0.0546875 0.0609375
2 0.9546875 0.534375 0.090625 0.103125
2 0.82578125 0.5125 0.0875 0.1046875
2 0.91328125 0.4859375 0.1015625 0.08125
2 0.6375 0.5515625 0.1 0.1125
2 0.51640625 0.5625 0.0703125 0.0734375
2 0.13828125 0.59609375 0.0796875 0.090625
2 0.56484375 0.56328125 0.084375 0.0875
2 0.75859375 0.55234375 0.115625 0.134375
2 0.18515625 0.56171875 0.0578125 0.06875
2 0.7109375 0.4765625 0.0546875 0.0578125
2 0.16875 0.60234375 0.0875 0.0765625
2 0.03984375 0.57890625 0.065625 0.0734375
2 0.04453125 0.646875 0.0625 0.078125
2 0.6921875 0.5515625 0.06875 0.125
2 0.46875 0.49140625 0.0359375 0.0375
2 0.4984375 0.5078125 0.0359375 0.03125
2 0.5296875 0.50625 0.0515625 0.0375
2 0.5609375 0.465625 0.0484375 0.05
2 0.515625 0.44296875 0.0453125 0.0375
2 0.58515625 0.4296875 0.0375 0.0375
2 0.6265625 0.4609375 0.0640625 0.0609375
2 0.61171875 0.37734375 0.0390625 0.0421875
2 0.5390625 0.38359375 0.04375 0.04375
2 0.5171875 0.40703125 0.0484375 0.0390625
2 0.23515625 0.5375 0.053125 0.0484375
2 0.21171875 0.4984375 0.05625 0.0421875
2 0.20703125 0.44609375 0.0453125 0.0390625
2 0.15078125 0.41484375 0.046875 0.053125
2 0.28359375 0.4234375 0.040625 0.04375
4 0.41875 0.5234375 0.0984375 0.115625
4 0.66328125 0.41484375 0.0765625 0.1109375
6 0.10390625 0.52578125 0.1046875 0.146875
0 0.05625 0.72890625 0.046875 0.0859375
3 0.06015625 0.75078125 0.0390625 0.071875