2 0.873437 0.834375 0.134375 0.128125
2 0.915625 0.778125 0.115625 0.118750
2 0.554688 0.671875 0.068750 0.084375
2 0.636719 0.654687 0.073438 0.059375
2 0.687500 0.736719 0.096875 0.104688
2 0.755469 0.717187 0.104688 0.118750
2 0.688281 0.468750 0.057813 0.050000
2 0.909375 0.412500 0.046875 0.043750
2 0.743750 0.385937 0.040625 0.037500
2 0.621094 0.425781 0.054688 0.048438
2 0.577344 0.423438 0.029687 0.037500
2 0.535937 0.411719 0.034375 0.032813
2 0.431250 0.448437 0.046875 0.034375
2 0.410938 0.434375 0.034375 0.053125
0 0.008594 0.674219 0.017188 0.064062
