2 0.56484375 0.7 0.190625 0.2046875
2 0.91640625 0.6140625 0.1671875 0.140625
2 0.32421875 0.6671875 0.09375 0.11875
2 0.67890625 0.628125 0.0921875 0.090625
0 0.12890625 0.69765625 0.0609375 0.1375
2 0.18828125 0.66796875 0.046875 0.0625
2 0.21875 0.65234375 0.03125 0.040625
2 0.25625 0.65234375 0.046875 0.05625
2 0.2765625 0.66484375 0.034375 0.0640625
2 0.38046875 0.63671875 0.040625 0.046875
2 0.465625 0.625 0.04375 0.0703125
2 0.62734375 0.65625 0.075 0.15
4 0.57421875 0.575 0.0859375 0.08125
4 0.40078125 0.62578125 0.0546875 0.0828125