2 0.768750 0.882812 0.171875 0.175000
2 0.850781 0.904687 0.160938 0.190625
2 0.034375 0.677344 0.068750 0.245312
2 0.044531 0.657031 0.089063 0.214062
2 0.796094 0.814844 0.157812 0.107813
2 0.588281 0.760156 0.064062 0.064062
2 0.554688 0.735156 0.065625 0.070312
0 0.532031 0.840625 0.079687 0.203125
0 0.546875 0.860156 0.068750 0.173437
2 0.074219 0.692187 0.095312 0.156250
2 0.250000 0.659375 0.096875 0.090625
2 0.297656 0.673438 0.026562 0.059375
2 0.396875 0.698438 0.040625 0.046875
2 0.314844 0.678906 0.029687 0.060937
2 0.454688 0.699219 0.021875 0.026562
2 0.518750 0.725781 0.046875 0.057813
