2 0.8328125 0.79140625 0.13359375 0.1359375
2 0.93125 0.8125 0.13515625 0.196875
2 0.06328125 0.78203125 0.1234375 0.2140625
2 0.0828125 0.76015625 0.12265625 0.17890625
2 0.8421875 0.72421875 0.1359375 0.07109375
2 0.640625 0.72109375 0.05 0.05
2 0.603125 0.70546875 0.04921875 0.05546875
0 0.60703125 0.80859375 0.03125 0.1890625
0 0.6265625 0.82265625 0.02578125 0.1625
2 0.1546875 0.77734375 0.05859375 0.1375
2 0.30859375 0.70625 0.0765625 0.06796875
2 0.3546875 0.7078125 0.01171875 0.05390625
2 0.45078125 0.709375 0.0296875 0.0375
2 0.37109375 0.709375 0.015625 0.05546875
2 0.5046875 0.69609375 0.01640625 0.021875
2 0.56953125 0.70625 0.0328125 0.0484375