2 0.913281 0.750781 0.173437 0.157812
2 0.620313 0.693750 0.156250 0.125000
2 0.666406 0.864062 0.248438 0.206250
2 0.571875 0.798438 0.181250 0.143750
2 0.978125 0.668750 0.043750 0.134375
2 0.948438 0.529687 0.065625 0.065625
2 0.947656 0.600000 0.104688 0.121875
2 0.310156 0.807031 0.192188 0.126562
2 0.657031 0.621875 0.114062 0.087500
2 0.799219 0.710156 0.170313 0.129688
2 0.740625 0.554688 0.068750 0.068750
2 0.821094 0.441406 0.076563 0.064062
2 0.889844 0.482031 0.051562 0.057813
2 0.127344 0.961719 0.079687 0.076563
2 0.830469 0.496094 0.051562 0.060937
2 0.987500 0.508594 0.025000 0.076563
2 0.804688 0.645312 0.131250 0.093750
2 0.875000 0.542188 0.065625 0.075000
2 0.528125 0.673438 0.140625 0.118750
2 0.764844 0.495312 0.045312 0.053125
2 0.738281 0.471094 0.048438 0.051562
2 0.657813 0.425781 0.025000 0.029687
2 0.678125 0.419531 0.025000 0.029687
2 0.711719 0.414844 0.023438 0.023438
2 0.723437 0.424219 0.034375 0.026562
2 0.746094 0.437500 0.035937 0.034375
2 0.791406 0.380469 0.042188 0.035937
2 0.457031 0.510156 0.057813 0.045312
2 0.467969 0.485156 0.026562 0.029687
2 0.484375 0.471094 0.021875 0.029687
2 0.507812 0.477344 0.028125 0.029687
2 0.530469 0.473438 0.026562 0.028125
2 0.556250 0.463281 0.025000 0.029687
2 0.083594 0.710938 0.095312 0.059375
2 0.131250 0.754687 0.128125 0.121875
2 0.167969 0.667188 0.051562 0.068750
2 0.791406 0.570312 0.076563 0.090625
0 0.931250 0.863281 0.068750 0.107813
0 0.892188 0.420312 0.018750 0.046875
0 0.246875 0.575781 0.018750 0.035937
2 0.628125 0.468750 0.043750 0.043750
