2 0.559375 0.82109375 0.0703125 0.08125
2 0.665625 0.84921875 0.08125 0.0875
2 0.54765625 0.71640625 0.0515625 0.075
2 0.61875 0.71015625 0.046875 0.0546875
2 0.86484375 0.884375 0.059375 0.0609375
2 0.909375 0.925 0.05 0.0640625
2 0.62109375 0.978125 0.0890625 0.04375
2 0.578125 0.6171875 0.025 0.0375
2 0.61015625 0.66953125 0.034375 0.0359375
2 0.62578125 0.62421875 0.025 0.0359375
2 0.86796875 0.82265625 0.0421875 0.0421875
2 0.81171875 0.81015625 0.0375 0.04375
2 0.84453125 0.8046875 0.025 0.03125
2 0.89375 0.7921875 0.034375 0.040625
2 0.8703125 0.77578125 0.028125 0.0390625
2 0.92734375 0.77578125 0.0265625 0.0359375
6 0.92421875 0.71015625 0.0375 0.053125
6 0.21875 0.64140625 0.053125 0.0671875
6 0.084375 0.7171875 0.16875 0.296875