2 0.5984375 0.81171875 0.0625 0.0734375
2 0.70703125 0.8265625 0.071875 0.0796875
2 0.5734375 0.709375 0.04375 0.0703125
2 0.64375 0.69375 0.040625 0.05
2 0.90859375 0.83671875 0.053125 0.0546875
2 0.9578125 0.871875 0.04375 0.059375
2 0.6796875 0.96875 0.08359375 0.05234375
2 0.5921875 0.60703125 0.02109375 0.0359375
2 0.6296875 0.6546875 0.03125 0.0328125
2 0.63984375 0.6078125 0.021875 0.0328125
2 0.9046875 0.775 0.0375 0.0375
2 0.846875 0.76953125 0.0328125 0.03984375
2 0.87890625 0.76015625 0.021875 0.02890625
2 0.9265625 0.7421875 0.0296875 0.0375
2 0.9015625 0.72890625 0.0234375 0.0359375
2 0.9578125 0.721875 0.02265625 0.03359375
6 0.946875 0.65703125 0.03125 0.04921875
6 0.23828125 0.67421875 0.0453125 0.06171875
6 0.09140625 0.76953125 0.18125 0.2765625