2 0.8078125 0.9125 0.10234375 0.109375
2 0.58359375 0.88515625 0.09453125 0.10625
2 0.41875 0.79921875 0.08046875 0.090625
2 0.7125 0.7921875 0.084375 0.09375
2 0.51640625 0.7671875 0.0734375 0.07890625
2 0.2921875 0.83671875 0.08984375 0.11484375
2 0.553125 0.7109375 0.065625 0.071875
2 0.5171875 0.678125 0.05546875 0.06015625
2 0.31640625 0.63125 0.04765625 0.05625
2 0.628125 0.7390625 0.0796875 0.1078125
2 0.98046875 0.6671875 0.0375 0.05625
2 0.20234375 0.478125 0.03046875 0.04609375
2 0.4296875 0.65390625 0.05390625 0.06015625
2 0.3875 0.62734375 0.04140625 0.0515625
2 0.91484375 0.5828125 0.034375 0.04453125
2 0.9859375 0.50625 0.0234375 0.03046875
2 0.96328125 0.49140625 0.0265625 0.02890625
2 0.9265625 0.475 0.03203125 0.0375
2 0.9 0.43671875 0.02578125 0.02890625
2 0.65390625 0.61640625 0.04375 0.04921875
2 0.65859375 0.49609375 0.03203125 0.0375
2 0.578125 0.509375 0.028125 0.04140625
2 0.49453125 0.60703125 0.04765625 0.04140625
2 0.47109375 0.58359375 0.03984375 0.0390625
2 0.35 0.5375 0.0359375 0.0390625
2 0.32890625 0.56875 0.03984375 0.05625
2 0.17890625 0.41640625 0.0265625 0.02890625
2 0.228125 0.4421875 0.0234375 0.0328125
2 0.41640625 0.53125 0.03359375 0.04453125
2 0.3984375 0.57890625 0.04140625 0.04296875
2 0.396875 0.59296875 0.0375 0.04453125
2 0.40859375 0.4796875 0.03359375 0.02890625
2 0.375 0.44140625 0.02421875 0.034375
2 0.29765625 0.43671875 0.02578125 0.02890625
2 0.55078125 0.44765625 0.02421875 0.03046875
2 0.5125 0.4421875 0.02578125 0.02578125
2 0.48359375 0.4390625 0.02421875 0.02734375
2 0.4484375 0.42734375 0.0234375 0.02421875
2 0.3421875 0.39765625 0.0234375 0.0328125
2 0.2640625 0.4125 0.0234375 0.0359375
6 0.34453125 0.4640625 0.04609375 0.090625
6 0.27265625 0.48359375 0.04453125 0.071875
6 0.29140625 0.584375 0.04453125 0.06875
6 0.45703125 0.55234375 0.04765625 0.06171875
6 0.56953125 0.62578125 0.05546875 0.1234375
6 0.61171875 0.50390625 0.028125 0.04765625
2 0.2421875 0.565625 0.0359375 0.04765625
2 0.26328125 0.54609375 0.0265625 0.0390625
6 0.8484375 0.43046875 0.03203125 0.04453125