2 0.807813 0.912500 0.103125 0.109375
2 0.583594 0.885938 0.095312 0.106250
2 0.418750 0.800000 0.081250 0.090625
2 0.712500 0.792188 0.084375 0.093750
2 0.516406 0.767188 0.073438 0.078125
2 0.292187 0.836719 0.090625 0.114062
2 0.553125 0.710938 0.065625 0.071875
2 0.517188 0.678125 0.056250 0.059375
2 0.316406 0.631250 0.048438 0.056250
2 0.628906 0.739844 0.079687 0.107813
2 0.981250 0.667188 0.037500 0.056250
2 0.202344 0.478125 0.029687 0.046875
2 0.429688 0.653906 0.053125 0.060937
2 0.387500 0.627344 0.040625 0.051562
2 0.915625 0.582812 0.034375 0.043750
2 0.986719 0.506250 0.023438 0.031250
2 0.963281 0.491406 0.026562 0.029687
2 0.926562 0.475000 0.031250 0.037500
2 0.900000 0.436719 0.025000 0.029687
2 0.654687 0.616406 0.043750 0.048438
2 0.658594 0.496875 0.032813 0.037500
2 0.578125 0.509375 0.028125 0.040625
2 0.494531 0.607031 0.048438 0.042188
2 0.471094 0.583594 0.039062 0.039062
2 0.350781 0.538281 0.035937 0.039062
2 0.328906 0.568750 0.039062 0.056250
2 0.178906 0.416406 0.026562 0.029687
2 0.228906 0.442969 0.023438 0.032813
2 0.416406 0.531250 0.032813 0.043750
2 0.398438 0.578906 0.040625 0.042188
2 0.396875 0.592969 0.037500 0.045312
2 0.408594 0.479687 0.032813 0.028125
2 0.375000 0.442188 0.025000 0.034375
2 0.297656 0.436719 0.026562 0.029687
2 0.550781 0.447656 0.023438 0.029687
2 0.512500 0.442188 0.025000 0.025000
2 0.483594 0.439063 0.023438 0.028125
2 0.449219 0.427344 0.023438 0.023438
2 0.342969 0.397656 0.023438 0.032813
2 0.264844 0.413281 0.023438 0.035937
2 0.242969 0.565625 0.035937 0.046875
2 0.263281 0.546094 0.026562 0.039062
