2 0.5765625 0.73984375 0.11875 0.19296875
2 0.5671875 0.609375 0.04453125 0.06796875
2 0.60625 0.6453125 0.0546875 0.090625
2 0.3109375 0.67265625 0.07734375 0.1125
2 0.465625 0.59921875 0.0421875 0.059375
2 0.52265625 0.58828125 0.0328125 0.04609375
3 0.4140625 0.63984375 0.015625 0.034375
3 0.3890625 0.65546875 0.01796875 0.04140625
3 0.371875 0.64296875 0.0125 0.0390625
3 0.35546875 0.67421875 0.0171875 0.04296875
3 0.253125 0.6671875 0.0171875 0.040625
3 0.48828125 0.734375 0.0359375 0.090625
3 0.6609375 0.6671875 0.02421875 0.065625
3 0.68125 0.653125 0.0203125 0.059375
0 0.6609375 0.63984375 0.0171875 0.0765625
0 0.67734375 0.621875 0.01875 0.075
0 0.4875 0.6859375 0.03046875 0.128125
0 0.25234375 0.64140625 0.015625 0.06640625
0 0.115625 0.659375 0.01953125 0.09296875
0 0.3546875 0.63828125 0.01484375 0.084375
0 0.371875 0.61796875 0.009375 0.053125
0 0.390625 0.62421875 0.0125 0.06796875
0 0.41328125 0.6140625 0.0109375 0.046875