2 0.0828125 0.89140625 0.16328125 0.2140625
2 0.64296875 0.865625 0.0890625 0.09140625
2 0.83828125 0.853125 0.08125 0.05703125
2 0.309375 0.84296875 0.06640625 0.071875
2 0.9328125 0.8953125 0.13125 0.17890625
2 0.41875 0.85 0.06640625 0.103125
2 0.38515625 0.81875 0.021875 0.034375
2 0.59765625 0.8328125 0.0265625 0.0375
2 0.5734375 0.82421875 0.02265625 0.03203125
2 0.55 0.821875 0.02109375 0.0265625
2 0.53203125 0.8203125 0.0171875 0.0265625
2 0.51875 0.8265625 0.02265625 0.025
2 0.5 0.81953125 0.01640625 0.021875
2 0.4875 0.81953125 0.0109375 0.01640625
2 0.47109375 0.821875 0.0140625 0.02109375
2 0.46015625 0.815625 0.0125 0.015625
6 0.70546875 0.83046875 0.0625 0.0609375