2 0.808594 0.778906 0.145313 0.151562
2 0.588281 0.794531 0.157812 0.154688
2 0.326562 0.812500 0.165625 0.162500
2 0.175000 0.732031 0.125000 0.135937
2 0.675000 0.736719 0.128125 0.132812
2 0.747656 0.921875 0.226562 0.150000
2 0.944531 0.822656 0.107813 0.214062
2 0.896094 0.650000 0.110937 0.106250
2 0.458594 0.739062 0.132812 0.165625
2 0.197656 0.643750 0.095312 0.106250
2 0.080469 0.674219 0.104688 0.126562
2 0.240625 0.591406 0.075000 0.098437
2 0.448437 0.553125 0.065625 0.068750
2 0.279687 0.470313 0.046875 0.053125
2 0.946094 0.622656 0.085938 0.089063
2 0.817969 0.575000 0.070312 0.093750
2 0.909375 0.564844 0.090625 0.064062
2 0.625000 0.576562 0.081250 0.100000
2 0.503906 0.564844 0.057813 0.064062
2 0.126562 0.525781 0.065625 0.079687
2 0.551562 0.574219 0.071875 0.076563
2 0.744531 0.601562 0.095312 0.118750
2 0.178906 0.500781 0.048438 0.060937
2 0.712500 0.517188 0.046875 0.050000
2 0.155469 0.537500 0.076563 0.062500
2 0.033594 0.489844 0.054688 0.064062
2 0.025000 0.557031 0.050000 0.070312
2 0.679688 0.587500 0.046875 0.118750
2 0.471094 0.486719 0.029687 0.032813
2 0.496875 0.507812 0.031250 0.025000
2 0.528125 0.511719 0.046875 0.029687
2 0.567187 0.478125 0.040625 0.043750
2 0.526563 0.446875 0.040625 0.031250
2 0.596875 0.446875 0.031250 0.031250
2 0.632031 0.485938 0.054688 0.050000
2 0.633594 0.400781 0.032813 0.035937
2 0.560937 0.392969 0.037500 0.035937
2 0.534375 0.412500 0.043750 0.031250
2 0.232813 0.485938 0.046875 0.040625
2 0.217188 0.444531 0.050000 0.032813
2 0.222656 0.391406 0.039062 0.032813
2 0.174219 0.350000 0.039062 0.046875
2 0.303125 0.384375 0.034375 0.037500
0 0.021094 0.639844 0.032813 0.082812
3 0.021094 0.662500 0.026562 0.068750
