2 0.800781 0.914062 0.085938 0.100000
2 0.649219 0.857812 0.073438 0.081250
2 0.346875 0.951562 0.087500 0.084375
2 0.612500 0.747656 0.053125 0.060937
2 0.741406 0.833594 0.076563 0.085938
2 0.457031 0.817187 0.057813 0.065625
2 0.465625 0.917188 0.078125 0.087500
2 0.685156 0.964844 0.082812 0.035937
2 0.426563 0.866406 0.065625 0.073438
2 0.374219 0.842187 0.057813 0.068750
2 0.725781 0.777344 0.064062 0.057813
2 0.676562 0.718750 0.050000 0.059375
2 0.658594 0.689844 0.039062 0.042188
2 0.637500 0.669531 0.037500 0.035937
2 0.643750 0.682031 0.040625 0.039062
2 0.577344 0.680469 0.042188 0.045312
2 0.589844 0.702344 0.042188 0.042188
2 0.470313 0.749219 0.043750 0.048438
2 0.490625 0.667969 0.028125 0.039062
2 0.475781 0.701562 0.032813 0.037500
2 0.425000 0.692969 0.028125 0.032813
2 0.413281 0.721094 0.032813 0.039062
2 0.389844 0.753906 0.042188 0.048438
2 0.424219 0.776563 0.048438 0.050000
2 0.392969 0.805469 0.042188 0.048438
2 0.451562 0.960156 0.118750 0.079687
