2 0.885156 0.910937 0.142187 0.118750
2 0.922656 0.858594 0.123438 0.107813
2 0.648438 0.771094 0.093750 0.073438
2 0.567187 0.777344 0.078125 0.082812
2 0.696875 0.828125 0.096875 0.106250
2 0.767188 0.798438 0.100000 0.112500
2 0.685156 0.591406 0.057813 0.048438
2 0.896094 0.525000 0.051562 0.053125
2 0.859375 0.515625 0.040625 0.050000
2 0.976562 0.497656 0.031250 0.039062
2 0.740625 0.505469 0.040625 0.035937
2 0.750781 0.526563 0.029687 0.025000
2 0.625781 0.551562 0.057813 0.046875
2 0.582031 0.553125 0.035937 0.037500
2 0.556250 0.578906 0.046875 0.039062
2 0.519531 0.572656 0.029687 0.032813
2 0.546875 0.548438 0.031250 0.025000
2 0.442188 0.589063 0.046875 0.037500
2 0.474219 0.596875 0.060937 0.046875
0 0.042188 0.813281 0.021875 0.067187
0 0.018750 0.821094 0.006250 0.070312
