2 0.8609375 0.83515625 0.17265625 0.115625
2 0.58515625 0.71640625 0.1328125 0.0921875
2 0.5921875 0.88515625 0.2078125 0.1546875
4 0.246875 0.59375 0.12890625 0.11484375
2 0.5171875 0.803125 0.153125 0.10546875
2 0.95703125 0.77734375 0.0828125 0.11484375
2 0.92734375 0.63359375 0.053125 0.0515625
2 0.93046875 0.70390625 0.121875 0.09140625
2 0.271875 0.7546875 0.16875 0.08515625
2 0.6359375 0.65703125 0.09765625 0.06328125
2 0.7484375 0.76953125 0.14609375 0.09375
2 0.7265625 0.61171875 0.05546875 0.0546875
2 0.8265625 0.52265625 0.06328125 0.04765625
2 0.8828125 0.57578125 0.03984375 0.046875
2 0.04375 0.88359375 0.0875 0.1140625
2 0.82421875 0.57578125 0.0390625 0.0515625
2 0.98203125 0.625 0.034375 0.06875
2 0.7671875 0.709375 0.1140625 0.065625
2 0.8546875 0.62890625 0.04921875 0.06328125
2 0.503125 0.6765625 0.11796875 0.0890625
2 0.76328125 0.5609375 0.034375 0.04453125
2 0.74375 0.53359375 0.03828125 0.040625
2 0.678125 0.47421875 0.01875 0.02578125
2 0.69921875 0.471875 0.01875 0.02578125
2 0.73046875 0.47578125 0.01875 0.01875
2 0.7390625 0.4875 0.02890625 0.01875
2 0.7578125 0.50390625 0.028125 0.0265625
2 0.81171875 0.4609375 0.0359375 0.0265625
2 0.47265625 0.50859375 0.0484375 0.03359375
2 0.4875 0.4875 0.02109375 0.02421875
2 0.50625 0.478125 0.015625 0.02578125
2 0.52578125 0.48984375 0.021875 0.02421875
2 0.55 0.49140625 0.02109375 0.021875
2 0.57578125 0.48671875 0.01875 0.02421875
2 0.08046875 0.61640625 0.084375 0.03828125
2 0.115625 0.6671875 0.10390625 0.09453125
2 0.16875 0.59453125 0.03671875 0.059375
4 0.359375 0.55546875 0.08984375 0.1015625
4 0.31796875 0.53125 0.0765625 0.0609375
4 0.0890625 0.4671875 0.05390625 0.046875
4 0.0359375 0.59375 0.071875 0.0875
4 0.01328125 0.61953125 0.0265625 0.0796875
4 0.1609375 0.56171875 0.10546875 0.06640625
4 0.22734375 0.8546875 0.2296875 0.178125
2 0.77109375 0.6375 0.0578125 0.07578125
0 0.83984375 0.94453125 0.0453125 0.10390625
0 0.896875 0.51875 0.00859375 0.04453125
0 0.2625 0.52421875 0.01015625 0.0328125
2 0.640625 0.5078125 0.03515625 0.03515625