2 0.114844 0.739062 0.185938 0.190625
2 0.343750 0.805469 0.200000 0.198437
2 0.613281 0.882812 0.210938 0.206250
2 0.791406 0.832031 0.160938 0.170313
2 0.264844 0.725781 0.164062 0.167187
2 0.153125 0.879687 0.262500 0.162500
2 0.021875 0.757812 0.043750 0.240625
2 0.060937 0.585156 0.121875 0.135937
2 0.491406 0.776563 0.176563 0.203125
2 0.786719 0.735156 0.123438 0.132812
2 0.898438 0.790625 0.128125 0.153125
2 0.753906 0.669531 0.101562 0.120313
2 0.543750 0.582812 0.084375 0.087500
2 0.739062 0.534375 0.059375 0.065625
2 0.031250 0.546094 0.062500 0.107813
2 0.150781 0.524219 0.095312 0.114062
2 0.057813 0.492969 0.109375 0.089063
2 0.353906 0.568750 0.107813 0.121875
2 0.483594 0.583594 0.076563 0.079687
2 0.888281 0.627344 0.085938 0.098437
2 0.430469 0.583594 0.092188 0.095312
2 0.222656 0.567969 0.126562 0.145313
2 0.838281 0.589063 0.064062 0.075000
2 0.275000 0.487500 0.059375 0.062500
2 0.853906 0.633594 0.095312 0.082812
2 0.978125 0.604688 0.037500 0.071875
2 0.967187 0.677344 0.028125 0.076563
2 0.293750 0.568750 0.075000 0.134375
2 0.535156 0.507812 0.039062 0.040625
2 0.502344 0.524219 0.039062 0.032813
2 0.467969 0.521875 0.054688 0.040625
2 0.435937 0.478906 0.053125 0.054688
2 0.485156 0.453906 0.048438 0.042188
2 0.410938 0.439063 0.040625 0.040625
2 0.365625 0.471875 0.068750 0.065625
2 0.384375 0.383594 0.043750 0.045312
2 0.460938 0.390625 0.046875 0.046875
2 0.484375 0.414844 0.053125 0.042188
2 0.785156 0.562500 0.057813 0.053125
2 0.810156 0.519531 0.060937 0.045312
2 0.816406 0.464062 0.048438 0.043750
2 0.877344 0.432031 0.051562 0.057813
2 0.734375 0.439063 0.043750 0.046875
