6 0.84609375 0.63125 0.3078125 0.35625
2 0.40078125 0.63359375 0.05 0.0625
6 0.615625 0.621875 0.1984375 0.20625
2 0.20234375 0.665625 0.1984375 0.13125
2 0.5234375 0.63203125 0.03125 0.075
2 0.49453125 0.609375 0.0421875 0.065625
2 0.478125 0.6078125 0.03125 0.0421875
2 0.3515625 0.62734375 0.028125 0.034375
2 0.275 0.64609375 0.090625 0.096875
6 0.43984375 0.60234375 0.0546875 0.1015625
3 0.334375 0.64609375 0.0125 0.025
0 0.33203125 0.63203125 0.0171875 0.04375
0 0.03984375 0.79765625 0.0703125 0.4046875