2 0.5 0.71015625 0.190625 0.2046875
2 0.1375 0.7375 0.16875 0.140625
2 0.71875 0.6046875 0.09375 0.11875
2 0.36953125 0.67734375 0.0921875 0.090625
0 0.9140625 0.5734375 0.0609375 0.1375
2 0.8484375 0.56328125 0.046875 0.0625
2 0.81484375 0.5578125 0.03125 0.040625
2 0.77890625 0.56953125 0.046875 0.05625
2 0.7640625 0.58828125 0.034375 0.0640625
2 0.65625 0.59296875 0.040625 0.046875
2 0.57109375 0.60859375 0.04375 0.0703125
2 0.4265625 0.68828125 0.075 0.15
4 0.45234375 0.59453125 0.0859375 0.08125
4 0.63359375 0.5890625 0.0546875 0.0828125