2 0.44453125 0.7453125 0.134375 0.203125
2 0.44296875 0.61484375 0.05 0.071875
2 0.40703125 0.65390625 0.0625 0.0953125
2 0.703125 0.65546875 0.0875 0.11875
2 0.54296875 0.59609375 0.046875 0.0625
2 0.48515625 0.58984375 0.0359375 0.0484375
3 0.59765625 0.63203125 0.01875 0.0359375
3 0.62421875 0.6453125 0.021875 0.0421875
3 0.63984375 0.63125 0.015625 0.040625
3 0.659375 0.6609375 0.0203125 0.04375
3 0.76015625 0.6453125 0.0203125 0.0421875
3 0.53203125 0.7328125 0.04375 0.09375
3 0.35390625 0.68046875 0.0296875 0.0671875
3 0.3328125 0.66796875 0.025 0.0609375
0 0.3515625 0.653125 0.0234375 0.078125
0 0.33359375 0.63671875 0.025 0.0765625
0 0.52890625 0.684375 0.0421875 0.1296875
0 0.759375 0.61953125 0.021875 0.0671875
0 0.896875 0.625 0.028125 0.09375
0 0.65703125 0.625 0.021875 0.0859375
0 0.63828125 0.60625 0.0140625 0.053125
0 0.61953125 0.6140625 0.01875 0.06875
0 0.59609375 0.60625 0.015625 0.046875