2 0.564063 0.932031 0.109375 0.120313
2 0.192188 0.942187 0.115625 0.115625
2 0.438281 0.900781 0.098437 0.104688
2 0.723437 0.939844 0.118750 0.098437
2 0.386719 0.832812 0.089063 0.096875
2 0.428125 0.786719 0.075000 0.079687
2 0.678125 0.712500 0.065625 0.075000
2 0.295312 0.874219 0.109375 0.142187
2 0.807813 0.508594 0.043750 0.060937
2 0.536719 0.749219 0.073438 0.079687
2 0.587500 0.712500 0.056250 0.068750
2 0.251563 0.721875 0.059375 0.065625
2 0.234375 0.570312 0.043750 0.050000
2 0.338281 0.580469 0.039062 0.054688
2 0.450781 0.696875 0.064062 0.056250
2 0.479687 0.664062 0.053125 0.053125
2 0.627344 0.596094 0.048438 0.051562
2 0.655469 0.632812 0.054688 0.075000
2 0.832031 0.428906 0.035937 0.039062
2 0.771875 0.464844 0.031250 0.042188
2 0.542969 0.593750 0.045312 0.059375
2 0.569531 0.652344 0.054688 0.057813
2 0.573438 0.670312 0.050000 0.059375
2 0.547656 0.528906 0.045312 0.039062
2 0.586719 0.477344 0.032813 0.045312
2 0.684375 0.464844 0.034375 0.039062
2 0.366406 0.501563 0.032813 0.040625
2 0.414062 0.490625 0.034375 0.034375
2 0.449219 0.483594 0.032813 0.035937
2 0.493750 0.466406 0.031250 0.032813
2 0.625000 0.419531 0.031250 0.042188
2 0.725000 0.431250 0.031250 0.046875
2 0.765625 0.621875 0.050000 0.062500
2 0.737500 0.599219 0.037500 0.051562
