2 0.828125 0.949219 0.150000 0.101562
2 0.875000 0.922656 0.131250 0.117188
2 0.630469 0.782813 0.098437 0.081250
2 0.549219 0.771094 0.082812 0.089063
2 0.663281 0.848437 0.104688 0.112500
2 0.737500 0.833594 0.109375 0.120313
2 0.701562 0.617188 0.062500 0.053125
2 0.917969 0.596875 0.054688 0.056250
2 0.882812 0.578906 0.043750 0.051562
2 0.989844 0.584375 0.014063 0.037500
2 0.771094 0.546094 0.042188 0.039062
2 0.778125 0.567187 0.031250 0.028125
2 0.652344 0.564844 0.060937 0.051562
2 0.609375 0.558594 0.037500 0.039062
2 0.580469 0.578906 0.048438 0.042188
2 0.545312 0.564063 0.031250 0.034375
2 0.577344 0.546875 0.032813 0.028125
2 0.467187 0.564063 0.050000 0.040625
2 0.497656 0.578906 0.064062 0.051562
0 0.035937 0.697656 0.028125 0.067187
0 0.009375 0.700000 0.018750 0.071875
