2 0.1109375 0.903125 0.178125 0.19375
2 0.66796875 0.8546875 0.0953125 0.096875
2 0.86171875 0.82890625 0.084375 0.0625
2 0.33359375 0.85546875 0.071875 0.0765625
2 0.94375 0.8640625 0.1125 0.1875
2 0.44375 0.8546875 0.0734375 0.1078125
2 0.4078125 0.82578125 0.025 0.0359375
2 0.6203125 0.825 0.0296875 0.0390625
2 0.59609375 0.81796875 0.025 0.0328125
2 0.57265625 0.81796875 0.0234375 0.028125
2 0.5546875 0.8171875 0.01875 0.028125
2 0.54140625 0.82421875 0.025 0.0265625
2 0.52265625 0.81875 0.0171875 0.0234375
2 0.51015625 0.81953125 0.0125 0.0171875
2 0.49375 0.8234375 0.015625 0.021875
2 0.48203125 0.81796875 0.0140625 0.0171875
6 0.728125 0.815625 0.0671875 0.065625