2 0.084375 0.74453125 0.16875 0.1515625
2 0.36796875 0.69140625 0.15 0.1203125
2 0.3234375 0.8546875 0.2375 0.196875
4 0.72578125 0.6484375 0.1515625 0.140625
2 0.41484375 0.79140625 0.1734375 0.1375
2 0.02265625 0.6671875 0.0453125 0.13125
2 0.05390625 0.534375 0.0640625 0.0625
2 0.0515625 0.60078125 0.103125 0.1171875
2 0.66484375 0.79921875 0.1828125 0.1203125
2 0.33203125 0.62265625 0.109375 0.084375
2 0.19765625 0.70703125 0.1640625 0.1234375
2 0.25390625 0.5578125 0.065625 0.065625
2 0.1765625 0.4484375 0.071875 0.0609375
2 0.11015625 0.4875 0.05 0.0546875
2 0.85859375 0.95546875 0.1109375 0.0890625
2 0.1671875 0.50078125 0.05 0.059375
2 0.01328125 0.5125 0.0265625 0.075
2 0.1921875 0.64375 0.1265625 0.0890625
2 0.12578125 0.54609375 0.0625 0.0734375
2 0.45703125 0.67109375 0.134375 0.1140625
2 0.2296875 0.5 0.04375 0.0515625
2 0.2546875 0.478125 0.046875 0.0484375
2 0.33203125 0.43515625 0.0234375 0.0296875
2 0.3125 0.428125 0.0234375 0.0296875
2 0.28125 0.42421875 0.021875 0.021875
2 0.26953125 0.434375 0.0328125 0.025
2 0.24765625 0.44609375 0.0328125 0.0328125
2 0.2046875 0.3921875 0.040625 0.034375
2 0.525 0.51484375 0.0546875 0.04375
2 0.51484375 0.490625 0.0265625 0.028125
2 0.49921875 0.47734375 0.0203125 0.028125
2 0.47734375 0.484375 0.0265625 0.028125
2 0.453125 0.48046875 0.025 0.0265625
2 0.42890625 0.4703125 0.0234375 0.028125
2 0.8828125 0.7078125 0.090625 0.05625
2 0.83671875 0.74921875 0.121875 0.115625
2 0.8015625 0.66640625 0.0484375 0.065625
4 0.62421875 0.5859375 0.1109375 0.11875
4 0.6703125 0.57109375 0.0890625 0.0765625
4 0.9078125 0.56015625 0.0625 0.0578125
4 0.93125 0.69609375 0.0890625 0.1015625
4 0.94765625 0.72578125 0.04375 0.084375
4 0.81640625 0.63671875 0.1171875 0.0890625
4 0.68515625 0.896875 0.2640625 0.20625
2 0.2046875 0.57265625 0.0734375 0.0875
0 0.06875 0.85703125 0.0671875 0.1109375
0 0.109375 0.42890625 0.01875 0.0453125
0 0.72578125 0.57734375 0.0171875 0.034375
2 0.3609375 0.47578125 0.0421875 0.0421875