2 0.832812 0.791406 0.134375 0.135937
2 0.931250 0.812500 0.134375 0.196875
2 0.063281 0.782031 0.123438 0.214062
2 0.082812 0.760156 0.121875 0.179688
2 0.842969 0.724219 0.135937 0.070312
2 0.640625 0.721875 0.050000 0.050000
2 0.603125 0.705469 0.050000 0.054688
0 0.607812 0.808594 0.031250 0.189062
0 0.626563 0.823438 0.025000 0.162500
2 0.154688 0.778125 0.059375 0.137500
2 0.308594 0.706250 0.076563 0.068750
2 0.354687 0.707812 0.012500 0.053125
2 0.450781 0.709375 0.029687 0.037500
2 0.371875 0.709375 0.015625 0.056250
2 0.504687 0.696875 0.015625 0.021875
2 0.569531 0.707031 0.032813 0.048438
