2 0.598437 0.811719 0.062500 0.073438
2 0.707812 0.827344 0.071875 0.079687
2 0.573438 0.710156 0.043750 0.070312
2 0.643750 0.693750 0.040625 0.050000
2 0.909375 0.836719 0.053125 0.054688
2 0.957812 0.871875 0.043750 0.059375
2 0.679688 0.968750 0.084375 0.053125
2 0.592187 0.607031 0.021875 0.035937
2 0.629687 0.655469 0.031250 0.032813
2 0.640625 0.608594 0.021875 0.032813
2 0.904687 0.775000 0.037500 0.037500
2 0.847656 0.769531 0.032813 0.039062
2 0.879687 0.760156 0.021875 0.029687
2 0.927344 0.742188 0.029687 0.037500
2 0.902344 0.728906 0.023438 0.035937
2 0.957812 0.721875 0.021875 0.034375
