2 0.5328125 0.7078125 0.1640625 0.18046875
2 0.8953125 0.678125 0.15234375 0.11875
2 0.3 0.6375 0.078125 0.1078125
2 0.65625 0.6546875 0.08046875 0.0796875
0 0.10234375 0.6375 0.040625 0.13203125
2 0.165625 0.6171875 0.03828125 0.05703125
2 0.1984375 0.60625 0.02578125 0.0375
2 0.23515625 0.6125 0.0390625 0.05078125
2 0.253125 0.628125 0.025 0.06015625
2 0.36015625 0.61640625 0.034375 0.04140625
2 0.446875 0.61796875 0.034375 0.06640625
2 0.6015625 0.67421875 0.05390625 0.14296875
4 0.56171875 0.5859375 0.0765625 0.0703125
4 0.38203125 0.60859375 0.04375 0.0765625