2 0.268750 0.943750 0.071875 0.087500
2 0.405469 0.864062 0.060937 0.071875
2 0.714063 0.909375 0.075000 0.071875
2 0.425000 0.752344 0.043750 0.054688
2 0.313281 0.855469 0.064062 0.076563
2 0.586719 0.796094 0.048438 0.057813
2 0.593750 0.892969 0.065625 0.076563
2 0.389062 0.981250 0.078125 0.037500
2 0.621875 0.839063 0.056250 0.065625
2 0.669531 0.807031 0.048438 0.060937
2 0.320312 0.799219 0.056250 0.048438
2 0.357812 0.734375 0.040625 0.053125
2 0.371094 0.703906 0.032813 0.035937
2 0.389844 0.681250 0.032813 0.031250
2 0.384375 0.694531 0.034375 0.032813
2 0.448437 0.682031 0.034375 0.039062
2 0.439844 0.705469 0.035937 0.035937
2 0.561719 0.732031 0.035937 0.042188
2 0.531250 0.655469 0.021875 0.035937
2 0.550000 0.688281 0.028125 0.032813
2 0.598437 0.671875 0.021875 0.028125
2 0.613281 0.696094 0.026562 0.035937
2 0.640625 0.725000 0.034375 0.043750
2 0.610938 0.751563 0.040625 0.043750
2 0.645312 0.774219 0.034375 0.042188
2 0.614844 0.950781 0.104688 0.092188
