6 0.153125 0.65078125 0.30546875 0.340625
2 0.60625 0.628125 0.04765625 0.059375
6 0.390625 0.628125 0.1890625 0.19609375
2 0.80625 0.65 0.19296875 0.121875
2 0.48359375 0.6328125 0.028125 0.0734375
2 0.5109375 0.60859375 0.03828125 0.0640625
2 0.52734375 0.60625 0.0296875 0.040625
2 0.6546875 0.61953125 0.02578125 0.03359375
2 0.73203125 0.634375 0.0859375 0.09296875
6 0.565625 0.59921875 0.04921875 0.0984375
3 0.6734375 0.6375 0.0109375 0.025
0 0.675 0.62265625 0.01484375 0.04296875
0 0.975 0.78359375 0.0484375 0.421875