6 0.16484375 0.675 0.328125 0.3609375
2 0.61484375 0.6203125 0.0515625 0.0625
6 0.4 0.63515625 0.2015625 0.209375
2 0.815625 0.628125 0.2015625 0.134375
2 0.49296875 0.63359375 0.0328125 0.075
2 0.51875 0.6078125 0.0421875 0.0671875
2 0.534375 0.60390625 0.0328125 0.0421875
2 0.6625 0.60859375 0.028125 0.0359375
2 0.740625 0.61796875 0.0921875 0.0984375
6 0.57265625 0.59453125 0.05625 0.1015625
3 0.6828125 0.625 0.0125 0.025
0 0.6828125 0.61015625 0.0171875 0.04375
0 0.97734375 0.75 0.0453125 0.425