2 0.484375 0.78515625 0.18125 0.13828125
2 0.83515625 0.7890625 0.2296875 0.17734375
3 0.65625 0.8 0.090625 0.0796875
0 0.65859375 0.76796875 0.040625 0.10390625
2 0.259375 0.703125 0.05390625 0.07578125
0 0.3046875 0.70703125 0.0171875 0.09921875
0 0.565625 0.6875 0.01875 0.07265625
0 0.6296875 0.68359375 0.01328125 0.06953125
0 0.65390625 0.684375 0.0109375 0.0671875
0 0.71796875 0.71484375 0.025 0.0609375
3 0.7203125 0.75703125 0.02265625 0.05703125
3 0.3046875 0.7296875 0.02265625 0.05078125