2 0.17265625 0.796875 0.1359375 0.1375
2 0.07421875 0.8203125 0.1390625 0.1984375
2 0.9390625 0.7734375 0.121875 0.215625
2 0.921875 0.753125 0.125 0.18125
2 0.16171875 0.73046875 0.1375 0.0734375
2 0.36328125 0.7234375 0.0515625 0.0515625
2 0.40078125 0.70703125 0.05 0.05625
0 0.3984375 0.81015625 0.034375 0.1890625
0 0.37890625 0.825 0.028125 0.1625
2 0.85 0.77109375 0.0609375 0.1390625
2 0.6953125 0.703125 0.078125 0.06875
2 0.64921875 0.70546875 0.0125 0.0546875
2 0.553125 0.70859375 0.0296875 0.0375
2 0.6328125 0.70703125 0.0171875 0.05625
2 0.4984375 0.69609375 0.0171875 0.021875
2 0.434375 0.7078125 0.034375 0.0484375