2 0.85078125 0.91640625 0.1953125 0.1671875
2 0.3015625 0.8390625 0.1015625 0.1046875
2 0.1109375 0.79609375 0.0890625 0.06875
2 0.634375 0.86875 0.0765625 0.08125
2 0.04453125 0.821875 0.0890625 0.196875
2 0.52578125 0.85859375 0.08125 0.1125
2 0.56328125 0.8328125 0.0265625 0.0375
2 0.3515625 0.81328125 0.0328125 0.040625
2 0.3765625 0.80859375 0.028125 0.0359375
2 0.4 0.81015625 0.025 0.0296875
2 0.41796875 0.81171875 0.021875 0.0296875
2 0.43046875 0.81953125 0.0265625 0.028125
2 0.45 0.815625 0.0203125 0.0234375
2 0.4625 0.8171875 0.0140625 0.0171875
2 0.478125 0.82265625 0.0171875 0.0234375
2 0.48984375 0.81796875 0.0140625 0.0171875
6 0.2453125 0.79453125 0.071875 0.0703125