2 0.5640625 0.771875 0.25703125 0.24453125
2 0.209375 0.8046875 0.3796875 0.36015625
2 0.828125 0.7140625 0.16796875 0.21796875
2 0.39453125 0.7015625 0.0984375 0.1328125
2 0.4765625 0.68984375 0.059375 0.0765625
2 0.034375 0.71328125 0.06796875 0.1421875
2 0.72578125 0.7078125 0.0640625 0.08984375
2 0.6703125 0.69140625 0.07890625 0.1015625
2 0.64375 0.59609375 0.0515625 0.04296875
2 0.715625 0.615625 0.0546875 0.03828125
2 0.87578125 0.6046875 0.0453125 0.04921875
2 0.928125 0.63046875 0.053125 0.05390625