2 0.11328125 0.83984375 0.1234375 0.128125
2 0.33828125 0.859375 0.1140625 0.1234375
2 0.5171875 0.809375 0.096875 0.1046875
2 0.23125 0.74140625 0.1015625 0.109375
2 0.428125 0.7578125 0.0875 0.0921875
2 0.63359375 0.87265625 0.1125 0.13125
2 0.40390625 0.6953125 0.0796875 0.084375
2 0.44609375 0.6703125 0.0671875 0.0703125
2 0.65234375 0.66640625 0.0578125 0.065625
2 0.325 0.70703125 0.1 0.121875
2 0.009375 0.5625 0.01875 0.0625
2 0.7953125 0.540625 0.0390625 0.0515625
2 0.53671875 0.66484375 0.065625 0.0703125
2 0.58359375 0.64765625 0.0515625 0.059375
2 0.07734375 0.49453125 0.0421875 0.05
2 0.0234375 0.40546875 0.0296875 0.034375
2 0.0484375 0.3953125 0.03125 0.034375
2 0.08828125 0.38671875 0.0390625 0.04375
2 0.121875 0.3546875 0.03125 0.034375
2 0.325 0.58203125 0.053125 0.0578125
2 0.3453125 0.46328125 0.0390625 0.04375
2 0.421875 0.49296875 0.0359375 0.046875
2 0.4828125 0.60546875 0.0546875 0.05
2 0.5109375 0.5875 0.046875 0.046875
2 0.6390625 0.56796875 0.04375 0.0453125
2 0.653125 0.603125 0.05 0.0640625
2 0.83125 0.48515625 0.03125 0.034375
2 0.778125 0.5 0.0296875 0.0375
2 0.575 0.54765625 0.0421875 0.05
2 0.5828125 0.5984375 0.05 0.05
2 0.58125 0.6125 0.0453125 0.0515625
2 0.59375 0.49921875 0.0390625 0.0359375
2 0.634375 0.46875 0.03125 0.0390625
2 0.7109375 0.48046875 0.03125 0.034375
2 0.4609375 0.43828125 0.0296875 0.034375
2 0.5 0.440625 0.03125 0.03125
2 0.52890625 0.44375 0.0296875 0.03125
2 0.565625 0.43984375 0.028125 0.028125
2 0.67578125 0.4328125 0.0296875 0.0375
2 0.74921875 0.46328125 0.0296875 0.040625
6 0.659375 0.496875 0.0640625 0.0984375
6 0.72578125 0.53125 0.0578125 0.0796875
6 0.68671875 0.62578125 0.0578125 0.0765625
6 0.53125 0.56015625 0.059375 0.0703125
6 0.40546875 0.60859375 0.0796875 0.1328125
6 0.38984375 0.48046875 0.0375 0.053125
2 0.73828125 0.61796875 0.0453125 0.0546875
2 0.721875 0.59453125 0.034375 0.04375
6 0.1734375 0.359375 0.040625 0.05