2 0.48046875 0.74453125 0.0703125 0.090625
2 0.03046875 0.5734375 0.0609375 0.065625
2 0.3375 0.80078125 0.078125 0.0890625
2 0.125 0.60234375 0.0734375 0.075
6 0.22734375 0.82109375 0.125 0.1609375
2 0.5375 0.809375 0.078125 0.10625
2 0.32109375 0.6625 0.059375 0.065625
2 0.13828125 0.76796875 0.0984375 0.1046875
6 0.3953125 0.60703125 0.046875 0.0578125
6 0.5765625 0.56953125 0.0265625 0.0421875
2 0.18984375 0.5546875 0.0359375 0.040625
2 0.26484375 0.55859375 0.0390625 0.040625
2 0.346875 0.58671875 0.0359375 0.040625
2 0.37265625 0.553125 0.0265625 0.025
2 0.42890625 0.6609375 0.0453125 0.0515625
2 0.465625 0.61640625 0.0328125 0.0453125
2 0.48984375 0.603125 0.021875 0.0296875
2 0.509375 0.65234375 0.0359375 0.0421875
2 0.5296875 0.62578125 0.0265625 0.034375
2 0.44921875 0.5984375 0.03125 0.034375
2 0.4203125 0.5453125 0.0234375 0.025
2 0.4578125 0.55 0.01875 0.021875
2 0.5234375 0.5859375 0.0234375 0.0296875