2 0.1484375 0.7515625 0.1265625 0.1125
2 0.0171875 0.79609375 0.034375 0.1109375
2 0.12421875 0.70546875 0.1125 0.1
2 0.35625 0.665625 0.084375 0.0703125
2 0.421875 0.6796875 0.071875 0.075
2 0.31171875 0.7078125 0.090625 0.096875
2 0.25703125 0.67421875 0.09375 0.1015625
2 0.34765625 0.51484375 0.053125 0.0453125
2 0.1828125 0.43671875 0.046875 0.0484375
2 0.215625 0.4328125 0.0375 0.04375
2 0.121875 0.4046875 0.0296875 0.0359375
2 0.31328125 0.4390625 0.0359375 0.0328125
2 0.3015625 0.4546875 0.0265625 0.0234375
2 0.4 0.48828125 0.0515625 0.0453125
2 0.4359375 0.4953125 0.0328125 0.0328125
2 0.453125 0.51953125 0.0421875 0.0359375
2 0.48515625 0.51875 0.0265625 0.0296875
2 0.46484375 0.49453125 0.028125 0.0234375
2 0.54609375 0.540625 0.0421875 0.0359375
2 0.51875 0.54375 0.0546875 0.0453125
6 0.5578125 0.53125 0.0609375 0.05625
0 0.615625 0.9796875 0.034375 0.040625
0 0.84765625 0.76875 0.025 0.05625
0 0.87109375 0.7796875 0.0265625 0.0609375