2 0.554688 0.932813 0.125000 0.134375
2 0.917188 0.840625 0.131250 0.140625
2 0.665625 0.865625 0.112500 0.118750
2 0.401562 0.964844 0.131250 0.070312
2 0.696094 0.785156 0.101562 0.107813
2 0.641406 0.755469 0.085938 0.089063
2 0.379688 0.753906 0.075000 0.082812
2 0.797656 0.798438 0.129688 0.156250
2 0.194531 0.596875 0.051562 0.065625
2 0.526563 0.750781 0.084375 0.089063
2 0.467187 0.728125 0.065625 0.075000
2 0.792188 0.638281 0.068750 0.073438
2 0.764062 0.489063 0.050000 0.056250
2 0.668750 0.528125 0.046875 0.059375
2 0.592969 0.672656 0.070312 0.064062
2 0.557031 0.651563 0.060937 0.059375
2 0.394531 0.628125 0.054688 0.059375
2 0.376563 0.671875 0.065625 0.081250
2 0.147656 0.526563 0.042188 0.043750
2 0.217188 0.545312 0.037500 0.046875
2 0.476562 0.602344 0.053125 0.064062
2 0.466406 0.665625 0.064062 0.065625
2 0.467969 0.684375 0.057813 0.065625
2 0.451562 0.539844 0.050000 0.045312
2 0.398438 0.501563 0.040625 0.050000
2 0.301563 0.518750 0.040625 0.043750
2 0.616406 0.460156 0.039062 0.045312
2 0.569531 0.463281 0.039062 0.039062
2 0.532031 0.468750 0.039062 0.040625
2 0.485156 0.463281 0.035937 0.035937
2 0.345313 0.456250 0.037500 0.046875
2 0.252344 0.497656 0.039062 0.051562
2 0.269531 0.694531 0.057813 0.070312
2 0.289844 0.664062 0.045312 0.056250
