2 0.51171875 0.80703125 0.4171875 0.3859375
2 0.25859375 0.653125 0.13125 0.1171875
2 0.696875 0.55546875 0.125 0.18125
0 0.91796875 0.63828125 0.1640625 0.6328125
2 0.38828125 0.61015625 0.1359375 0.109375
2 0.7328125 0.47109375 0.071875 0.08125
2 0.27109375 0.5828125 0.1109375 0.09375
2 0.46171875 0.5609375 0.09375 0.0765625
2 0.14140625 0.7734375 0.259375 0.2078125
2 0.41328125 0.846875 0.4953125 0.30625
2 0.5765625 0.51484375 0.1140625 0.09375
2 0.603125 0.60078125 0.1953125 0.1265625
4 0.36171875 0.490625 0.1453125 0.15
2 0.1953125 0.4890625 0.084375 0.1484375
2 0.39453125 0.60546875 0.1234375 0.0984375
0 0.840625 0.42421875 0.03125 0.115625
0 0.78046875 0.43046875 0.0140625 0.0375
0 0.25 0.4875 0.0125 0.0515625
0 0.28359375 0.50859375 0.0171875 0.040625
0 0.6796875 0.40703125 0.0125 0.040625
0 0.6921875 0.40625 0.0125 0.0375
0 0.65234375 0.41640625 0.0125 0.028125
6 0.55390625 0.42265625 0.05625 0.059375