2 0.125 0.89375 0.1015625 0.128125
2 0.2828125 0.86953125 0.103125 0.1453125
2 0.30859375 0.6109375 0.0671875 0.0796875
2 0.3984375 0.67265625 0.0703125 0.0734375
2 0.15 0.73046875 0.0765625 0.0984375
2 0.73828125 0.94375 0.1203125 0.071875
2 0.53515625 0.43203125 0.046875 0.053125
2 0.5046875 0.95859375 0.1 0.0828125
2 0.30703125 0.990625 0.0984375 0.01875
6 0.584375 0.6765625 0.153125 0.2625
2 0.1046875 0.44140625 0.0546875 0.0609375
2 0.4328125 0.78203125 0.0875 0.1046875
2 0.471875 0.8609375 0.1015625 0.1203125
2 0.66953125 0.87265625 0.109375 0.1296875
2 0.17265625 0.65703125 0.0859375 0.11875
2 0.25234375 0.3890625 0.046875 0.053125
2 0.5359375 0.54375 0.065625 0.0609375
2 0.47734375 0.4875 0.046875 0.053125
2 0.4390625 0.515625 0.0484375 0.0609375
2 0.44765625 0.553125 0.021875 0.0546875
2 0.41171875 0.58046875 0.06875 0.1234375
2 0.36953125 0.5078125 0.053125 0.0734375
2 0.30078125 0.503125 0.04375 0.0484375
2 0.27265625 0.53828125 0.0328125 0.05625
2 0.353125 0.371875 0.0390625 0.04375
2 0.40703125 0.33125 0.0375 0.0375
2 0.8796875 0.28515625 0.0328125 0.0390625
2 0.95625 0.253125 0.0328125 0.0390625
2 0.840625 0.25546875 0.0390625 0.0390625
2 0.8296875 0.29375 0.0390625 0.04375
2 0.778125 0.26015625 0.0375 0.0234375
2 0.78046875 0.28203125 0.040625 0.0375
2 0.803125 0.290625 0.03125 0.0421875
2 0.8890625 0.2453125 0.0328125 0.034375
2 0.46484375 0.421875 0.0421875 0.05
2 0.33125 0.5671875 0.053125 0.0546875
6 0.409375 0.425 0.084375 0.1234375
6 0.61796875 0.36953125 0.0765625 0.078125
2 0.7015625 0.359375 0.0484375 0.0546875