2 0.2953125 0.70625 0.2703125 0.353125
2 0.58671875 0.6546875 0.165625 0.2078125
2 0.465625 0.57421875 0.0984375 0.1171875
4 0.57578125 0.3375 0.0921875 0.1375
2 0.58125 0.5046875 0.071875 0.0875
4 0.4859375 0.34296875 0.1078125 0.1734375
2 0.89296875 0.64375 0.1640625 0.2140625
2 0.7765625 0.53984375 0.0984375 0.1390625
2 0.35859375 0.5015625 0.09375 0.1046875
2 0.51328125 0.509375 0.0921875 0.1125
2 0.7234375 0.3234375 0.1203125 0.090625
2 0.83125 0.59453125 0.1203125 0.1609375
2 0.88046875 0.4765625 0.103125 0.0796875
2 0.9046875 0.4921875 0.115625 0.075
2 0.8421875 0.4328125 0.096875 0.0796875
2 0.81171875 0.40859375 0.0890625 0.0765625
2 0.78359375 0.39375 0.075 0.065625
2 0.42890625 0.24609375 0.046875 0.0515625
2 0.4578125 0.22578125 0.0375 0.0453125
2 0.54140625 0.2375 0.0453125 0.05
2 0.52734375 0.209375 0.0375 0.053125
2 0.390625 0.42109375 0.1453125 0.1140625
2 0.3671875 0.44765625 0.08125 0.0640625