2 0.78125 0.90390625 0.1359375 0.1421875
2 0.62421875 0.71953125 0.0859375 0.0921875
2 0.81796875 0.80625 0.1 0.1125
2 0.66640625 0.621875 0.0828125 0.09375
2 0.55546875 0.6203125 0.084375 0.084375
2 0.49921875 0.521875 0.0640625 0.075
2 0.5875 0.54296875 0.0625 0.0625
2 0.61328125 0.46640625 0.0515625 0.05625
2 0.5609375 0.4171875 0.05 0.05625
2 0.346875 0.56328125 0.0734375 0.075
6 0.4984375 0.79375 0.271875 0.2875
6 0.2671875 0.6375 0.228125 0.20625
6 0.1734375 0.55625 0.1609375 0.21875
6 0.08203125 0.48984375 0.1453125 0.20625
2 0.4875 0.46171875 0.0578125 0.059375
2 0.4984375 0.3765625 0.0453125 0.046875
2 0.52734375 0.325 0.0375 0.0390625
2 0.5640625 0.38125 0.040625 0.0359375
2 0.62578125 0.40546875 0.040625 0.0359375
2 0.62421875 0.51953125 0.0546875 0.0625
2 0.64453125 0.3078125 0.040625 0.0390625
2 0.60234375 0.26328125 0.03125 0.034375
2 0.5703125 0.25625 0.0265625 0.0296875
2 0.56171875 0.27265625 0.03125 0.03125
2 0.54453125 0.30234375 0.0328125 0.0421875
2 0.56796875 0.33515625 0.0359375 0.034375
2 0.25859375 0.55859375 0.06875 0.075
2 0.26015625 0.4984375 0.065625 0.075
2 0.2421875 0.45546875 0.0734375 0.0796875
2 0.25625 0.409375 0.0484375 0.0453125
2 0.1828125 0.40390625 0.0609375 0.0734375
2 0.21171875 0.36875 0.0453125 0.0453125
2 0.23359375 0.34765625 0.05 0.05625
2 0.25390625 0.3375 0.040625 0.0515625
2 0.2671875 0.3171875 0.04375 0.05625
2 0.3125 0.2953125 0.0390625 0.0453125
2 0.290625 0.37578125 0.0546875 0.065625
2 0.31484375 0.3484375 0.0421875 0.053125
2 0.35 0.32734375 0.0359375 0.0421875
2 0.35859375 0.384375 0.0515625 0.0578125
2 0.340625 0.41640625 0.04375 0.040625
2 0.3296875 0.46015625 0.0609375 0.0578125
2 0.31953125 0.4984375 0.059375 0.0640625
2 0.32265625 0.521875 0.05625 0.0703125
2 0.64453125 0.225 0.03125 0.040625
2 0.3921875 0.35625 0.0359375 0.040625
2 0.375 0.3703125 0.0390625 0.046875
2 0.41328125 0.3359375 0.0375 0.040625
2 0.42578125 0.3171875 0.0296875 0.0328125
2 0.45703125 0.28828125 0.03125 0.0359375
2 0.475 0.26796875 0.0296875 0.034375
2 0.36328125 0.31640625 0.0328125 0.0375
2 0.3296875 0.284375 0.034375 0.0421875
2 0.4265625 0.26796875 0.0234375 0.040625
2 0.3984375 0.2828125 0.0359375 0.03125
2 0.49453125 0.2390625 0.0296875 0.0328125
6 0.51640625 0.17265625 0.0328125 0.0578125
6 0.4671875 0.1625 0.0390625 0.05625