2 0.87109375 0.6640625 0.1765625 0.1890625
2 0.803125 0.61875 0.16875 0.1828125
2 0.11015625 0.56953125 0.21875 0.2546875
0 0.3984375 0.67578125 0.134375 0.41875
2 0.68125 0.58671875 0.11875 0.121875
2 0.053125 0.6390625 0.10625 0.26875
2 0.28984375 0.5578125 0.1 0.1171875
2 0.8296875 0.6421875 0.1578125 0.175
2 0.93828125 0.7328125 0.109375 0.2671875
2 0.48046875 0.53359375 0.078125 0.0984375
2 0.34453125 0.53203125 0.0515625 0.0875
2 0.20546875 0.5703125 0.0609375 0.178125
2 0.24609375 0.56875 0.05625 0.1328125