2 0.840625 0.35234375 0.13671875 0.2859375
2 0.5046875 0.20390625 0.09453125 0.16171875
2 0.4140625 0.21484375 0.08671875 0.14609375
2 0.3453125 0.19921875 0.046875 0.12734375
2 0.7 0.240625 0.15859375 0.11015625
2 0.8328125 0.43828125 0.06171875 0.25625
2 0.77578125 0.46484375 0.084375 0.35703125
2 0.67890625 0.503125 0.0921875 0.38046875
2 0.4234375 0.5453125 0.19296875 0.534375
2 0.53203125 0.5171875 0.190625 0.475
2 0.83125 0.14140625 0.11484375 0.09765625
2 0.19375 0.55859375 0.3859375 0.84453125