2 0.3875 0.76796875 0.309375 0.3765625
2 0.63828125 0.6109375 0.1890625 0.2234375
2 0.49609375 0.58203125 0.1109375 0.125
4 0.509375 0.32109375 0.1078125 0.14375
2 0.57734375 0.4734375 0.08125 0.09375
4 0.428125 0.36015625 0.128125 0.18125
2 0.9125 0.4859375 0.175 0.228125
2 0.771875 0.4328125 0.1140625 0.146875
2 0.36953125 0.5546875 0.1046875 0.1125
2 0.515625 0.50390625 0.103125 0.1203125
2 0.640625 0.253125 0.128125 0.103125
2 0.84296875 0.46328125 0.1375 0.1703125
2 0.84453125 0.3359375 0.1109375 0.090625
2 0.87265625 0.34140625 0.121875 0.0890625
2 0.7921875 0.309375 0.1046875 0.0890625
2 0.7546875 0.2984375 0.096875 0.0859375
2 0.7234375 0.2953125 0.0796875 0.0734375
2 0.3390625 0.29140625 0.0515625 0.0546875
2 0.35859375 0.2609375 0.0421875 0.0484375
2 0.440625 0.240625 0.05 0.0546875
2 0.41640625 0.22109375 0.04375 0.05625
2 0.36953125 0.46796875 0.1546875 0.1296875
2 0.35703125 0.50078125 0.0859375 0.071875