2 0.55546875 0.79296875 0.4609375 0.4140625
2 0.28203125 0.68515625 0.14375 0.1328125
2 0.70234375 0.52734375 0.146875 0.19375
0 0.9046875 0.57578125 0.190625 0.6421875
2 0.4046875 0.625 0.146875 0.125
2 0.7265625 0.4390625 0.08125 0.0890625
2 0.284375 0.6140625 0.1203125 0.10625
2 0.47109375 0.565625 0.1015625 0.0875
2 0.1828125 0.8203125 0.28125 0.2390625
2 0.4625 0.8359375 0.528125 0.328125
2 0.57734375 0.50390625 0.1234375 0.10625
2 0.61640625 0.58515625 0.2078125 0.15
4 0.36171875 0.51015625 0.1625 0.1671875
2 0.196875 0.53203125 0.103125 0.15625
2 0.41015625 0.61875 0.134375 0.1125
0 0.82734375 0.378125 0.0453125 0.115625
0 0.76796875 0.3921875 0.01875 0.0375
0 0.25078125 0.52265625 0.01875 0.0515625
0 0.28671875 0.5390625 0.021875 0.0421875
0 0.66484375 0.3828125 0.01875 0.040625
0 0.67734375 0.3796875 0.0171875 0.0375
0 0.6390625 0.39609375 0.015625 0.028125
6 0.54296875 0.415625 0.0625 0.065625