2 0.153125 0.91875 0.109375 0.1328125
2 0.309375 0.88359375 0.1125 0.15
2 0.31640625 0.62421875 0.071875 0.0828125
2 0.4109375 0.67890625 0.0734375 0.0765625
2 0.1671875 0.7546875 0.0828125 0.1015625
2 0.76875 0.9265625 0.1234375 0.0796875
2 0.53046875 0.4296875 0.05 0.05625
2 0.53671875 0.95703125 0.1046875 0.0859375
6 0.596875 0.6703125 0.16875 0.26875
2 0.1015625 0.46953125 0.0578125 0.0625
2 0.453125 0.7859375 0.09375 0.109375
2 0.496875 0.8625 0.109375 0.125
2 0.6953125 0.86015625 0.115625 0.1359375
2 0.184375 0.6796875 0.0921875 0.121875
2 0.2453125 0.40703125 0.05 0.05625
2 0.5390625 0.54140625 0.06875 0.065625
2 0.4765625 0.4890625 0.05 0.0546875
2 0.43984375 0.5203125 0.0515625 0.0625
2 0.4515625 0.55703125 0.0265625 0.0546875
2 0.41796875 0.58671875 0.0765625 0.1265625
2 0.3703125 0.51640625 0.0578125 0.0765625
2 0.3015625 0.51640625 0.046875 0.05
2 0.2765625 0.55390625 0.0359375 0.0578125
2 0.34453125 0.38203125 0.0421875 0.0453125
2 0.3953125 0.33828125 0.0390625 0.0390625
2 0.86328125 0.25859375 0.034375 0.040625
2 0.93828125 0.221875 0.034375 0.040625
2 0.82265625 0.23203125 0.0421875 0.0421875
2 0.8140625 0.271875 0.040625 0.0453125
2 0.7609375 0.24140625 0.0375 0.0265625
2 0.7640625 0.26328125 0.0421875 0.0390625
2 0.7875 0.2703125 0.0328125 0.04375
2 0.8703125 0.21875 0.034375 0.0359375
2 0.459375 0.42421875 0.0453125 0.0515625
2 0.3359375 0.57890625 0.05625 0.05625
6 0.4046875 0.43125 0.090625 0.1265625
6 0.60859375 0.36171875 0.0796875 0.0828125
2 0.690625 0.34609375 0.0515625 0.0578125