2 0.296875 0.75625 0.1703125 0.153125
2 0.9375 0.52734375 0.0734375 0.0828125
2 0.45703125 0.71875 0.1453125 0.1421875
2 0.53046875 0.79296875 0.1484375 0.140625
2 0.58515625 0.30625 0.0890625 0.0671875
4 0.67890625 0.16171875 0.078125 0.078125
2 0.353125 0.81953125 0.1984375 0.1640625
2 0.2328125 0.63828125 0.1359375 0.1359375
2 0.77109375 0.98203125 0.1921875 0.0359375
0 0.3890625 0.91875 0.096875 0.1453125
2 0.20078125 0.59375 0.14375 0.1421875
2 0.2609375 0.70234375 0.1640625 0.146875
2 0.4890625 0.9375 0.18125 0.125
4 0.8859375 0.4609375 0.1796875 0.1625
2 0.4296875 0.67265625 0.1125 0.115625
2 0.2078125 0.409375 0.10625 0.1015625
2 0.35625 0.58671875 0.1078125 0.103125
2 0.178125 0.52421875 0.1109375 0.1171875
2 0.96953125 0.5328125 0.0609375 0.125
2 0.71484375 0.946875 0.2046875 0.10625
2 0.3734375 0.4296875 0.1015625 0.0796875
2 0.40859375 0.41875 0.0921875 0.0953125
2 0.58828125 0.97265625 0.1984375 0.0546875
0 0.54140625 0.3984375 0.034375 0.065625
2 0.446875 0.11171875 0.0390625 0.0375
2 0.5125 0.12734375 0.0375 0.0359375
2 0.4578125 0.140625 0.04375 0.040625
2 0.4421875 0.20546875 0.05625 0.0578125
2 0.43359375 0.2234375 0.040625 0.0390625
2 0.46796875 0.19609375 0.05 0.05625
2 0.50078125 0.19140625 0.0328125 0.0421875
2 0.52265625 0.184375 0.0296875 0.053125
2 0.5359375 0.18359375 0.0203125 0.0390625
2 0.5546875 0.22734375 0.05 0.040625
2 0.5421875 0.24140625 0.04375 0.034375
2 0.5296875 0.27578125 0.053125 0.0546875
2 0.59140625 0.22265625 0.015625 0.028125
2 0.5828125 0.225 0.0171875 0.034375
2 0.59921875 0.21640625 0.0234375 0.0421875
2 0.68046875 0.35625 0.05 0.0578125
2 0.7140625 0.36796875 0.06875 0.059375
2 0.74140625 0.38125 0.0375 0.0484375
2 0.78359375 0.3953125 0.075 0.0609375
2 0.79765625 0.42421875 0.059375 0.0578125
2 0.8125 0.45234375 0.040625 0.0703125
2 0.7265625 0.0890625 0.0328125 0.028125
2 0.74921875 0.10703125 0.028125 0.0234375
2 0.6875 0.08828125 0.028125 0.028125
2 0.74609375 0.140625 0.03125 0.0359375
2 0.659375 0.18359375 0.0171875 0.0265625
2 0.63359375 0.19453125 0.0140625 0.0265625
2 0.62109375 0.203125 0.0203125 0.034375
2 0.553125 0.1046875 0.028125 0.025
2 0.55625 0.0765625 0.0359375 0.03125
2 0.490625 0.0140625 0.0296875 0.028125
2 0.5375 0.12109375 0.0234375 0.028125
2 0.2640625 0.353125 0.1171875 0.1203125
2 0.3390625 0.51484375 0.1046875 0.0890625
2 0.3328125 0.54921875 0.090625 0.0859375
2 0.3671875 0.6015625 0.096875 0.0796875
2 0.3890625 0.6390625 0.0859375 0.1078125
2 0.565625 0.82578125 0.1375 0.1484375
2 0.6453125 0.88984375 0.196875 0.1796875
0 0.34296875 0.90078125 0.08125 0.1453125
6 0.3421875 0.26015625 0.159375 0.2109375
6 0.4578125 0.29765625 0.121875 0.1359375
6 0.409375 0.3515625 0.125 0.1234375
6 0.71171875 0.146875 0.053125 0.0671875