2 0.11171875 0.6171875 0.1734375 0.1859375
2 0.184375 0.58125 0.1671875 0.18125
2 0.87890625 0.6171875 0.2140625 0.2515625
0 0.5796875 0.6875 0.1265625 0.4171875
2 0.309375 0.5640625 0.1171875 0.1203125
2 0.9359375 0.69375 0.121875 0.2671875
2 0.7015625 0.58359375 0.0984375 0.115625
2 0.15546875 0.60078125 0.1546875 0.1734375
2 0.04453125 0.6765625 0.0890625 0.265625
2 0.515625 0.5359375 0.0765625 0.096875
2 0.65078125 0.55078125 0.05 0.0859375
2 0.78359375 0.60546875 0.0578125 0.178125
2 0.74375 0.5984375 0.053125 0.1328125