2 0.871875 0.909375 0.2125 0.18125
2 0.45859375 0.86484375 0.1359375 0.1953125
2 0.6015625 0.88359375 0.19375 0.2328125
2 0.59296875 0.70078125 0.109375 0.1390625
2 0.1015625 0.5734375 0.1140625 0.1546875
6 0.40703125 0.6390625 0.2578125 0.346875
2 0.26328125 0.7609375 0.1421875 0.2140625
2 0.81015625 0.9609375 0.1765625 0.078125
2 0.7609375 0.803125 0.2546875 0.2078125
2 0.24609375 0.59921875 0.103125 0.1359375
2 0.35234375 0.89453125 0.165625 0.1671875
2 0.69765625 0.90390625 0.1171875 0.1796875
2 0.72890625 0.646875 0.084375 0.13125
2 0.5234375 0.51640625 0.1046875 0.10625
2 0.1828125 0.46015625 0.128125 0.078125
2 0.1671875 0.5296875 0.0859375 0.134375
2 0.096875 0.4859375 0.090625 0.0953125
2 0.3109375 0.48828125 0.065625 0.1078125
0 0.89375 0.66015625 0.0265625 0.0953125
0 0.61796875 0.478125 0.0359375 0.090625
0 0.53046875 0.4296875 0.0296875 0.075
0 0.70078125 0.2171875 0.0171875 0.0671875
0 0.40625 0.20078125 0.0140625 0.06875
0 0.39296875 0.2109375 0.0171875 0.0625
0 0.20625 0.28984375 0.021875 0.0796875
0 0.1078125 0.334375 0.0203125 0.103125
0 0.12421875 0.31796875 0.015625 0.0796875
0 0.14453125 0.3296875 0.01875 0.0859375
0 0.1609375 0.30546875 0.015625 0.075
0 0.1765625 0.30703125 0.0234375 0.0890625
0 0.4390625 0.1921875 0.0140625 0.05625
2 0.0234375 0.5421875 0.046875 0.121875
2 0.56640625 0.60625 0.11875 0.09375