2 0.66796875 0.53203125 0.1453125 0.153125
2 0.6046875 0.81328125 0.196875 0.2578125
2 0.54453125 0.609375 0.1484375 0.2015625
4 0.1265625 0.3875 0.1421875 0.2015625
2 0.9234375 0.828125 0.153125 0.225
2 0.3140625 0.31640625 0.084375 0.103125
2 0.50703125 0.46484375 0.1265625 0.171875
6 0.28359375 0.72265625 0.2984375 0.5421875
2 0.8390625 0.6515625 0.1703125 0.2265625
2 0.0734375 0.64609375 0.1265625 0.1484375
2 0.6984375 0.43359375 0.115625 0.128125
2 0.77109375 0.596875 0.1265625 0.1640625
4 0.215625 0.175 0.0703125 0.0921875
2 0.734375 0.2828125 0.08125 0.0921875
2 0.875 0.4328125 0.11875 0.1484375
2 0.06796875 0.78984375 0.0765625 0.1609375
2 0.8546875 0.384375 0.10625 0.1234375
2 0.16640625 0.30234375 0.0671875 0.1015625
2 0.171875 0.2453125 0.046875 0.0484375
2 0.3015625 0.2375 0.0578125 0.0625
2 0.671875 0.38125 0.0984375 0.11875
2 0.640625 0.353125 0.09375 0.1296875
2 0.60859375 0.328125 0.084375 0.1140625
2 0.571875 0.28359375 0.06875 0.0875
2 0.54140625 0.2421875 0.0609375 0.0796875
2 0.6890625 0.2375 0.0609375 0.0625
2 0.66484375 0.23203125 0.0609375 0.075
2 0.64609375 0.2171875 0.053125 0.0625
2 0.63671875 0.19296875 0.0546875 0.0671875
2 0.61796875 0.1734375 0.0640625 0.06875
2 0.57421875 0.16953125 0.04375 0.0578125
2 0.78359375 0.30078125 0.0875 0.0859375
2 0.79375 0.3609375 0.090625 0.1015625
2 0.95390625 0.4859375 0.0921875 0.15
2 0.49765625 0.115625 0.0421875 0.05625
2 0.4 0.203125 0.065625 0.06875
2 0.415625 0.24453125 0.075 0.0859375
2 0.29296875 0.19765625 0.0515625 0.0609375
2 0.3140625 0.18203125 0.0359375 0.05
2 0.46328125 0.159375 0.0515625 0.065625
2 0.47421875 0.18203125 0.04375 0.0546875
2 0.5078125 0.1953125 0.0828125 0.0671875
2 0.46640625 0.09296875 0.03125 0.0375
6 0.3671875 0.11875 0.06875 0.1234375
6 0.4640625 0.31953125 0.1296875 0.1734375
2 0.55078125 0.1140625 0.0421875 0.046875
2 0.43203125 0.1296875 0.028125 0.0375
2 0.26796875 0.12265625 0.0265625 0.0296875