0 0.22734375 0.7390625 0.1171875 0.3734375
2 0.52890625 0.73984375 0.2703125 0.4265625
2 0.3171875 0.575 0.159375 0.2171875
2 0.11640625 0.5484375 0.175 0.1875
2 0.90078125 0.79921875 0.1984375 0.3453125
2 0.5984375 0.5234375 0.1125 0.1671875
2 0.25546875 0.4609375 0.0796875 0.134375
2 0.1640625 0.4828125 0.1359375 0.153125
6 0.78828125 0.553125 0.2140625 0.38125
2 0.696875 0.72265625 0.13125 0.3203125
2 0.503125 0.49140625 0.1109375 0.0984375
2 0.4140625 0.46796875 0.0296875 0.115625
2 0.33203125 0.465625 0.1078125 0.1140625
2 0.14453125 0.3734375 0.0828125 0.0921875