2 0.92421875 0.81015625 0.1515625 0.2328125
2 0.5546875 0.86328125 0.1625 0.2109375
2 0.69921875 0.84765625 0.225 0.2640625
2 0.64140625 0.66953125 0.128125 0.153125
2 0.134375 0.67421875 0.134375 0.16875
6 0.44609375 0.65859375 0.3046875 0.3765625
2 0.3390625 0.81328125 0.171875 0.2296875
2 0.91328125 0.87421875 0.1734375 0.1234375
2 0.83046875 0.725 0.2796875 0.240625
2 0.28046875 0.66171875 0.121875 0.146875
2 0.459375 0.9125 0.1875 0.175
2 0.7953125 0.8390625 0.1421875 0.19375
2 0.75859375 0.58203125 0.1015625 0.140625
2 0.5265625 0.509375 0.11875 0.1203125
2 0.18359375 0.54296875 0.1375 0.096875
2 0.18671875 0.61484375 0.1046875 0.14375
2 0.10703125 0.590625 0.103125 0.1078125
2 0.31484375 0.5375 0.08125 0.115625
0 0.921875 0.55234375 0.040625 0.096875
0 0.6078125 0.4484375 0.0484375 0.09375
0 0.5109375 0.42421875 0.040625 0.078125
0 0.62109375 0.175 0.0265625 0.0671875
0 0.33203125 0.23515625 0.0234375 0.06875
0 0.321875 0.2484375 0.0265625 0.0640625
0 0.16171875 0.3734375 0.034375 0.0796875
0 0.07890625 0.44140625 0.0359375 0.1046875
0 0.08984375 0.421875 0.0265625 0.0796875
0 0.1125 0.42734375 0.0328125 0.0875
0 0.12265625 0.4 0.0265625 0.0765625
0 0.13828125 0.396875 0.0359375 0.0890625
0 0.36171875 0.21875 0.0234375 0.05625
2 0.04921875 0.665625 0.06875 0.1265625
2 0.59140625 0.58515625 0.1296875 0.109375