2 0.778125 0.65 0.1515625 0.16875
2 0.28515625 0.46796875 0.05 0.071875
2 0.7125 0.74453125 0.1703125 0.2265625
2 0.83515625 0.58515625 0.1625 0.1640625
2 0.265625 0.5890625 0.0875 0.1296875
2 0.53984375 0.75625 0.1265625 0.2015625
2 0.45234375 0.4765625 0.059375 0.0875
2 0.4984375 0.42265625 0.0546875 0.0640625
2 0.17578125 0.8921875 0.2109375 0.215625
2 0.403125 0.3984375 0.0515625 0.0625
2 0.35078125 0.42890625 0.0515625 0.0796875
2 0.3640625 0.5796875 0.0734375 0.115625
2 0.86484375 0.3109375 0.0734375 0.0765625
2 0.3765625 0.80234375 0.1125 0.221875
2 0.53359375 0.371875 0.0578125 0.078125
2 0.4609375 0.34921875 0.0375 0.053125
2 0.484375 0.31953125 0.0328125 0.0484375
2 0.4734375 0.259375 0.021875 0.028125
2 0.45625 0.28984375 0.0296875 0.040625
2 0.4265625 0.29609375 0.028125 0.034375
2 0.403125 0.34375 0.0265625 0.028125
2 0.35 0.3484375 0.03125 0.0421875
2 0.29296875 0.384375 0.0390625 0.0515625
2 0.29375 0.34375 0.028125 0.03125
2 0.2953125 0.31171875 0.0265625 0.0265625
2 0.33828125 0.30625 0.0296875 0.0453125
2 0.3234375 0.25625 0.025 0.0359375
2 0.81953125 0.36875 0.06875 0.065625
2 0.94921875 0.34921875 0.0734375 0.0640625
2 0.95546875 0.3796875 0.065625 0.071875
2 0.94609375 0.42734375 0.090625 0.1015625
2 0.703125 0.4125 0.05 0.0640625
2 0.27265625 0.28203125 0.0234375 0.03125
2 0.29453125 0.2640625 0.0203125 0.03125
2 0.39453125 0.31640625 0.028125 0.0375
2 0.41015625 0.27734375 0.021875 0.025
2 0.40546875 0.228125 0.0171875 0.0234375
2 0.43359375 0.228125 0.0171875 0.021875
2 0.36015625 0.22890625 0.0171875 0.021875
6 0.59921875 0.35546875 0.2 0.25
6 0.7125 0.29140625 0.05625 0.1109375
6 0.7625 0.29296875 0.0765625 0.1109375
6 0.54609375 0.225 0.0703125 0.05
6 0.4859375 0.20234375 0.0484375 0.046875
6 0.39375 0.2046875 0.021875 0.0421875
6 0.415625 0.20390625 0.0234375 0.046875