2 0.821875 0.4890625 0.2671875 0.2640625
2 0.11328125 0.6875 0.1765625 0.1875
0 0.38203125 0.6265625 0.1359375 0.321875
2 0.48359375 0.51640625 0.0546875 0.0640625
2 0.18828125 0.6015625 0.1171875 0.1734375
2 0.23828125 0.58203125 0.0796875 0.1265625
2 0.29375 0.56328125 0.0640625 0.096875
2 0.05 0.76171875 0.0671875 0.2671875
2 0.675 0.50078125 0.096875 0.1546875
2 0.54609375 0.50625 0.0640625 0.0734375
2 0.50859375 0.5109375 0.0375 0.065625
0 0.621875 0.5484375 0.1234375 0.3109375
0 0.4296875 0.54140625 0.071875 0.1859375
0 0.4015625 0.534375 0.0203125 0.053125