2 0.3453125 0.3734375 0.140625 0.1796875
4 0.5859375 0.2390625 0.190625 0.3125
2 0.896875 0.42578125 0.14375 0.20625
2 0.290625 0.6 0.246875 0.415625
2 0.17578125 0.6828125 0.3109375 0.5
2 0.2171875 0.3640625 0.14375 0.1890625
2 0.41796875 0.3078125 0.1078125 0.15625
2 0.66953125 0.48203125 0.1453125 0.2875
2 0.69765625 0.43515625 0.1328125 0.275
2 0.77734375 0.375 0.0953125 0.19375
2 0.64453125 0.4984375 0.109375 0.290625
2 0.8578125 0.240625 0.0765625 0.128125
2 0.89609375 0.21171875 0.046875 0.1046875
2 0.96015625 0.13125 0.040625 0.0734375
2 0.91875 0.20859375 0.0296875 0.103125
2 0.76640625 0.1796875 0.053125 0.0703125
2 0.6984375 0.2296875 0.03125 0.0671875
2 0.50234375 0.5640625 0.23125 0.3828125
2 0.5875 0.52265625 0.10625 0.309375
2 0.796875 0.15703125 0.040625 0.078125