2 0.81875 0.5453125 0.23046875 0.228125
2 0.08671875 0.6171875 0.15 0.1640625
0 0.36171875 0.60390625 0.0828125 0.31171875
2 0.48125 0.51328125 0.0453125 0.05703125
2 0.175 0.54609375 0.09140625 0.16015625
2 0.228125 0.53515625 0.06015625 0.1171875
2 0.2859375 0.5265625 0.0484375 0.08984375
2 0.01171875 0.6796875 0.0203125 0.26796875
2 0.671875 0.53125 0.07265625 0.14375
2 0.54453125 0.5140625 0.053125 0.065625
2 0.50625 0.5125 0.0265625 0.06171875
0 0.61171875 0.56875 0.071875 0.303125
0 0.4234375 0.52890625 0.04140625 0.18125
0 0.396875 0.51640625 0.01171875 0.0515625