2 0.2953125 0.7796875 0.153125 0.2015625
2 0.4859375 0.7234375 0.1 0.1171875
2 0.8875 0.721875 0.146875 0.2015625
2 0.39921875 0.684375 0.0578125 0.071875
2 0.6890625 0.6953125 0.09375 0.125
2 0.96640625 0.7390625 0.0640625 0.23125
2 0.3203125 0.63828125 0.0515625 0.0859375
2 0.60703125 0.6421875 0.0609375 0.0796875
2 0.64375 0.67265625 0.065625 0.09375
2 0.54375 0.515625 0.06875 0.046875
2 0.4515625 0.59296875 0.05 0.046875
2 0.4703125 0.63671875 0.04375 0.0515625
2 0.4203125 0.64453125 0.053125 0.071875
2 0.334375 0.59765625 0.090625 0.0625
2 0.34609375 0.4859375 0.0296875 0.0375
2 0.4203125 0.47578125 0.0296875 0.028125
2 0.365625 0.471875 0.021875 0.028125
4 0.3890625 0.5390625 0.0625 0.109375
4 0.45625 0.52734375 0.059375 0.08125
2 0.6890625 0.60234375 0.075 0.0421875
2 0.66875 0.59453125 0.0625 0.0421875
2 0.63125 0.571875 0.04375 0.040625
2 0.6078125 0.55859375 0.0375 0.03125