2 0.159375 0.86484375 0.159375 0.15
2 0.41171875 0.853125 0.140625 0.1359375
2 0.58515625 0.7046875 0.0921875 0.096875
2 0.09921875 0.46796875 0.1171875 0.1
2 0.0953125 0.72109375 0.1515625 0.1359375
2 0.25078125 0.6390625 0.11875 0.1140625
2 0.5 0.77890625 0.1046875 0.1078125
2 0.02265625 0.4859375 0.0453125 0.078125
2 0.6328125 0.6484375 0.0734375 0.0796875
2 0.37578125 0.9546875 0.128125 0.08125
2 0.05703125 0.81796875 0.1140625 0.1578125
2 0.16796875 0.76015625 0.1359375 0.1203125
2 0.49609375 0.66875 0.103125 0.1015625
2 0.03984375 0.39609375 0.0640625 0.075
2 0.3078125 0.78046875 0.1140625 0.1078125
2 0.3125 0.68984375 0.1140625 0.103125
2 0.35 0.5953125 0.0953125 0.0828125
2 0.434375 0.54921875 0.090625 0.075
2 0.42734375 0.61484375 0.0921875 0.0921875
2 0.4296875 0.71875 0.090625 0.128125
2 0.50546875 0.565625 0.075 0.08125
2 0.57578125 0.61015625 0.071875 0.0734375
2 0.63125 0.565625 0.06875 0.078125
2 0.725 0.58046875 0.0734375 0.08125
2 0.7734375 0.53515625 0.05625 0.0609375
2 0.81484375 0.49921875 0.059375 0.06875
2 0.85078125 0.459375 0.0484375 0.05625
2 0.7703125 0.45 0.05625 0.0546875
2 0.725 0.49453125 0.0765625 0.078125
2 0.63203125 0.4984375 0.071875 0.05625
2 0.565625 0.5359375 0.0734375 0.065625
2 0.52421875 0.49375 0.0734375 0.05625
2 0.590625 0.45859375 0.0640625 0.0578125
2 0.65 0.41953125 0.06875 0.0640625
2 0.69921875 0.3875 0.0578125 0.0578125
2 0.7484375 0.3546875 0.0546875 0.053125
2 0.79609375 0.37734375 0.0484375 0.05625
2 0.83203125 0.39921875 0.0484375 0.0546875
2 0.86328125 0.378125 0.040625 0.046875
2 0.8203125 0.34453125 0.0390625 0.0375
2 0.8125 0.315625 0.04375 0.040625
2 0.84453125 0.3 0.0390625 0.046875
2 0.8765625 0.27578125 0.0359375 0.0359375
2 0.9203125 0.4015625 0.04375 0.0578125
2 0.94453125 0.3703125 0.0390625 0.0515625
2 0.88984375 0.35625 0.0390625 0.05
2 0.971875 0.35390625 0.0359375 0.04375
2 0.96015625 0.3125 0.025 0.0375
2 0.93984375 0.31640625 0.025 0.0296875
2 0.91328125 0.296875 0.0296875 0.0359375
2 0.9921875 0.3265625 0.015625 0.0375
2 0.9890625 0.28203125 0.021875 0.0265625
2 0.97421875 0.2296875 0.0296875 0.0359375