2 0.9140625 0.85234375 0.08984375 0.11875
2 0.7546875 0.84453125 0.08984375 0.1359375
2 0.70234375 0.590625 0.059375 0.0734375
2 0.61875 0.6609375 0.06328125 0.0671875
2 0.871875 0.69296875 0.06796875 0.09140625
2 0.309375 0.96640625 0.1140625 0.06015625
2 0.4578125 0.4359375 0.04140625 0.04921875
2 0.54296875 0.959375 0.0921875 0.078125
2 0.74375 0.98125 0.09453125 0.03515625
6 0.434375 0.684375 0.12734375 0.25
2 0.88671875 0.40078125 0.0484375 0.05546875
2 0.59609375 0.7734375 0.078125 0.09765625
2 0.565625 0.85625 0.090625 0.11171875
2 0.3703125 0.88828125 0.096875 0.1203125
2 0.8421875 0.621875 0.07421875 0.1109375
2 0.734375 0.3640625 0.0421875 0.04921875
2 0.46875 0.54765625 0.06015625 0.05546875
2 0.52109375 0.48515625 0.0421875 0.0484375
2 0.5625 0.509375 0.0421875 0.05625
2 0.5578125 0.54765625 0.0171875 0.053125
2 0.59609375 0.57109375 0.05625 0.11875
2 0.63046875 0.49375 0.046875 0.06953125
2 0.6984375 0.48203125 0.03984375 0.04453125
2 0.7296875 0.5140625 0.02734375 0.053125
2 0.6328125 0.35703125 0.03515625 0.03984375
2 0.575 0.32265625 0.03359375 0.03359375
2 0.1 0.32578125 0.02890625 0.0359375
2 0.0203125 0.30234375 0.02890625 0.0359375
2 0.1359375 0.2921875 0.0359375 0.0359375
2 0.15078125 0.3296875 0.034375 0.040625
2 0.1984375 0.290625 0.03515625 0.0203125
2 0.1984375 0.3125 0.0375 0.03359375
2 0.1765625 0.3234375 0.0265625 0.03984375
2 0.08671875 0.2875 0.0296875 0.03125
2 0.5265625 0.41875 0.0375 0.04609375
2 0.675 0.54921875 0.04765625 0.04921875
6 0.58203125 0.415625 0.071875 0.11640625
6 0.36875 0.3828125 0.06875 0.071875
2 0.28515625 0.38125 0.04375 0.05078125