2 0.2390625 0.678125 0.13671875 0.15546875
2 0.71015625 0.4453125 0.04375 0.06796875
2 0.3140625 0.765625 0.14921875 0.2125
2 0.17578125 0.61953125 0.146875 0.15
2 0.7421875 0.5640625 0.07578125 0.121875
2 0.4875 0.75859375 0.1078125 0.19140625
2 0.5453125 0.471875 0.05078125 0.08203125
2 0.49375 0.42265625 0.04921875 0.059375
2 0.865625 0.878125 0.1875 0.240625
2 0.5859375 0.3890625 0.04609375 0.05859375
2 0.640625 0.4140625 0.04453125 0.075
2 0.64375 0.56484375 0.0625 0.109375
2 0.1171875 0.35 0.06640625 0.06953125
2 0.6546875 0.7875 0.08984375 0.2140625
2 0.453125 0.37578125 0.05 0.0734375
2 0.5234375 0.34609375 0.03203125 0.05
2 0.496875 0.31875 0.02890625 0.04609375
2 0.5015625 0.2578125 0.01953125 0.0265625
2 0.521875 0.28671875 0.02578125 0.0375
2 0.5515625 0.28984375 0.02421875 0.03203125
2 0.5796875 0.334375 0.0234375 0.0265625
2 0.63359375 0.33359375 0.0265625 0.0390625
2 0.69375 0.36328125 0.034375 0.0484375
2 0.6890625 0.32265625 0.02578125 0.02890625
2 0.68359375 0.29140625 0.0234375 0.025
2 0.640625 0.290625 0.02578125 0.04296875
2 0.65 0.2390625 0.02109375 0.03359375
2 0.16875 0.403125 0.06328125 0.059375
2 0.0375 0.396875 0.06796875 0.05703125
2 0.034375 0.428125 0.059375 0.06640625
2 0.0484375 0.47421875 0.08203125 0.09296875
2 0.2890625 0.434375 0.04453125 0.059375
2 0.703125 0.259375 0.02109375 0.02890625
2 0.6796875 0.24375 0.01796875 0.02890625
2 0.5859375 0.30625 0.025 0.034375
2 0.56640625 0.26875 0.0203125 0.0234375
2 0.565625 0.21953125 0.01484375 0.021875
2 0.5375 0.22265625 0.01484375 0.02109375
2 0.6109375 0.215625 0.015625 0.02109375
6 0.3859375 0.36640625 0.1765625 0.23359375
6 0.2671875 0.31484375 0.0453125 0.10703125
6 0.2171875 0.321875 0.065625 0.10390625
6 0.42578125 0.23125 0.065625 0.04296875
6 0.4828125 0.20234375 0.04453125 0.04296875
6 0.575 0.1953125 0.0171875 0.040625
6 0.553125 0.196875 0.01875 0.04453125