2 0.48984375 0.81328125 0.3921875 0.37109375
2 0.2484375 0.6359375 0.12421875 0.109375
2 0.6921875 0.56875 0.11328125 0.1734375
0 0.9234375 0.66796875 0.15234375 0.6234375
2 0.38046875 0.60234375 0.1296875 0.1
2 0.734375 0.4875 0.06640625 0.0765625
2 0.265625 0.56640625 0.10546875 0.0859375
2 0.4578125 0.5578125 0.08828125 0.07109375
2 0.1234375 0.74765625 0.24609375 0.19140625
2 0.38828125 0.85 0.4765625 0.29453125
2 0.575 0.5203125 0.10859375 0.0859375
2 0.59609375 0.6078125 0.1875 0.1140625
4 0.3625 0.48125 0.1359375 0.14140625
2 0.196875 0.46796875 0.07421875 0.14375
2 0.3875 0.59765625 0.11796875 0.090625
0 0.8453125 0.4484375 0.02265625 0.1140625
0 0.784375 0.45 0.0109375 0.03671875
0 0.2515625 0.4703125 0.00859375 0.0515625
0 0.28359375 0.49375 0.0140625 0.03984375
0 0.6859375 0.41953125 0.01015625 0.03984375
0 0.6984375 0.41953125 0.01015625 0.03671875
0 0.6578125 0.42734375 0.01015625 0.02734375
6 0.559375 0.4265625 0.05234375 0.05546875