2 0.678125 0.7296875 0.23203125 0.32734375
2 0.3953125 0.64296875 0.14375 0.1921875
2 0.525 0.578125 0.0859375 0.10703125
4 0.44453125 0.3296875 0.0765625 0.12890625
2 0.41875 0.49453125 0.06171875 0.08125
4 0.5328125 0.34609375 0.08828125 0.1640625
2 0.0921875 0.59453125 0.140625 0.1984375
2 0.2203125 0.50546875 0.08359375 0.1296875
2 0.63984375 0.51875 0.0828125 0.09453125
2 0.4859375 0.5078125 0.0796875 0.103125
2 0.3 0.29765625 0.11171875 0.07734375
2 0.159375 0.553125 0.103125 0.14921875
2 0.125 0.43046875 0.09609375 0.06875
2 0.09921875 0.44296875 0.109375 0.0625
2 0.16875 0.39140625 0.08984375 0.06875
2 0.2015625 0.37109375 0.08203125 0.0671875
2 0.23125 0.36015625 0.06796875 0.05703125
2 0.6015625 0.25703125 0.04140625 0.04609375
2 0.575 0.2328125 0.03203125 0.0421875
2 0.490625 0.234375 0.03984375 0.04609375
2 0.50859375 0.20859375 0.03125 0.05
2 0.61796875 0.43515625 0.134375 0.0984375
2 0.63828125 0.4640625 0.075 0.0546875