2 0.7046875 0.7796875 0.153125 0.2015625
2 0.5140625 0.7234375 0.10078125 0.1171875
2 0.1125 0.721875 0.14609375 0.2015625
2 0.60078125 0.684375 0.0578125 0.071875
2 0.3109375 0.6953125 0.09453125 0.12421875
2 0.03359375 0.7390625 0.0640625 0.23125
2 0.6796875 0.63828125 0.0515625 0.0859375
2 0.39296875 0.6421875 0.0609375 0.0796875
2 0.35625 0.67265625 0.06484375 0.09375
2 0.45625 0.515625 0.06875 0.046875
2 0.5484375 0.59296875 0.05078125 0.046875
2 0.5296875 0.63671875 0.04453125 0.0515625
2 0.5796875 0.64453125 0.05234375 0.07265625
2 0.665625 0.59765625 0.09140625 0.0625
2 0.65390625 0.4859375 0.0296875 0.03671875
2 0.5796875 0.47578125 0.0296875 0.028125
2 0.634375 0.471875 0.02265625 0.02734375
4 0.6109375 0.5390625 0.06171875 0.109375
4 0.54375 0.52734375 0.059375 0.08125
2 0.3109375 0.60234375 0.07578125 0.0421875
2 0.33125 0.59453125 0.06328125 0.0421875
2 0.36875 0.571875 0.04453125 0.04140625
2 0.3921875 0.55859375 0.03828125 0.03203125