2 0.1140625 0.93125 0.1421875 0.13515625
2 0.159375 0.71640625 0.1171875 0.12265625
2 0.1375 0.796875 0.134375 0.153125
2 0.409375 0.78359375 0.1171875 0.12578125
2 0.95 0.53359375 0.09609375 0.09296875
2 0.4296875 0.9390625 0.13984375 0.1203125
2 0.3953125 0.68359375 0.096875 0.1125
2 0.80234375 0.46328125 0.08125 0.084375
2 0.6203125 0.659375 0.10078125 0.13515625
2 0.15 0.7515625 0.1296875 0.1296875
2 0.4015625 0.38046875 0.0734375 0.075
2 0.2515625 0.33046875 0.06796875 0.06953125
2 0.7203125 0.3984375 0.07578125 0.08046875
2 0.40703125 0.89921875 0.1328125 0.1453125
2 0.38671875 0.53203125 0.075 0.07890625
2 0.221875 0.4703125 0.07734375 0.109375
2 0.8890625 0.50234375 0.08203125 0.0796875
2 0.18984375 0.50703125 0.090625 0.096875
2 0.1953125 0.578125 0.09921875 0.12734375
2 0.7625 0.4328125 0.06875 0.06875
2 0.59296875 0.52109375 0.084375 0.0859375
2 0.55625 0.38359375 0.08359375 0.0796875
2 0.65625 0.834375 0.1171875 0.1328125
2 0.6578125 0.296875 0.0640625 0.06328125
2 0.40859375 0.55859375 0.09375 0.075
2 0.65625 0.36328125 0.08046875 0.084375
2 0.25625 0.30625 0.0640625 0.08828125
2 0.3984375 0.46875 0.0765625 0.0859375
2 0.68203125 0.85703125 0.115625 0.11171875
2 0.76015625 0.9109375 0.234375 0.16953125
2 0.5578125 0.2390625 0.05078125 0.05859375
2 0.52265625 0.2796875 0.0578125 0.05546875
2 0.503125 0.32421875 0.05859375 0.04765625
2 0.50625 0.359375 0.04453125 0.05703125
2 0.5578125 0.4625 0.0859375 0.0953125
2 0.6046875 0.578125 0.0890625 0.084375
2 0.65 0.75 0.12578125 0.09375
2 0.396875 0.63046875 0.11953125 0.14296875
2 0.2578125 0.4359375 0.07734375 0.08984375
2 0.240625 0.39921875 0.07421875 0.0640625
2 0.234375 0.36171875 0.06875 0.04375
2 0.2765625 0.28359375 0.04375 0.071875
2 0.2984375 0.2765625 0.028125 0.06640625
2 0.4828125 0.25078125 0.04140625 0.0578125
6 0.3984375 0.23515625 0.08203125 0.1625