2 0.740625 0.603125 0.271875 0.315625
2 0.8453125 0.4359375 0.08046875 0.0890625
2 0.7734375 0.421875 0.06015625 0.059375
2 0.72109375 0.41796875 0.0421875 0.053125
2 0.4125 0.52890625 0.153125 0.23046875
2 0.4765625 0.434375 0.04375 0.0640625
2 0.6890625 0.41796875 0.03203125 0.04140625
2 0.6703125 0.40703125 0.02109375 0.05
2 0.6390625 0.40234375 0.0296875 0.034375
2 0.5421875 0.45703125 0.07734375 0.11640625
0 0.31015625 0.49453125 0.0328125 0.25859375
0 0.53046875 0.50234375 0.0296875 0.2125