2 0.5375 0.575 0.1234375 0.20625
2 0.87734375 0.16953125 0.0921875 0.1640625
2 0.16875 0.37265625 0.11015625 0.15390625
2 0.9125 0.83046875 0.15234375 0.28984375
2 0.8390625 0.090625 0.08671875 0.1296875
2 0.35625 0.37421875 0.103125 0.14296875
2 0.11640625 0.53125 0.121875 0.1609375
2 0.1125 0.63828125 0.1234375 0.21015625
2 0.9484375 0.325 0.1015625 0.24140625
2 0.3078125 0.634375 0.1421875 0.22734375
2 0.0640625 0.7328125 0.12578125 0.24453125
2 0.340625 0.46171875 0.10234375 0.10859375
2 0.709375 0.6046875 0.20546875 0.33203125
2 0.2296875 0.29921875 0.09296875 0.14296875
2 0.28515625 0.86640625 0.1875 0.25703125
2 0.453125 0.43125 0.875 0.8515625
2 0.59453125 0.8921875 0.1625 0.2078125
2 0.5421875 0.72734375 0.12421875 0.1921875
2 0.1671875 0.48828125 0.10234375 0.18671875
2 0.32578125 0.740625 0.121875 0.15546875
2 0.4171875 0.103125 0.08671875 0.14296875
2 0.21796875 0.240625 0.08125 0.075
2 0.403125 0.33671875 0.084375 0.14140625
2 0.57421875 0.1546875 0.1046875 0.1796875
2 0.55390625 0.075 0.090625 0.115625
2 0.3609375 0.5765625 0.11640625 0.24140625
2 0.546875 0.4296875 0.13828125 0.22734375
2 0.5625 0.3171875 0.11328125 0.1453125
2 0.5625 0.2515625 0.11015625 0.1328125
2 0.403125 0.184375 0.0828125 0.071875
2 0.415625 0.26953125 0.08515625 0.13671875
2 0.24375 0.13203125 0.07421875 0.11015625
2 0.2359375 0.1625 0.078125 0.0875
2 0.2234375 0.184375 0.078125 0.0609375
2 0.9875 0.515625 0.0203125 0.19921875