2 0.10625 0.9015625 0.20234375 0.19453125
2 0.521875 0.86640625 0.12578125 0.1890625
2 0.37734375 0.88125 0.18125 0.23203125
2 0.396875 0.6953125 0.10234375 0.134375
2 0.89375 0.59453125 0.10625 0.15
6 0.5859375 0.64375 0.240625 0.334375
2 0.72265625 0.77265625 0.13125 0.20703125
2 0.165625 0.95390625 0.17265625 0.0890625
2 0.2234375 0.7890625 0.24453125 0.19453125
2 0.7484375 0.6125 0.09609375 0.13046875
2 0.6265625 0.9015625 0.1578125 0.15859375
2 0.28125 0.89296875 0.1078125 0.175
2 0.2640625 0.634375 0.07734375 0.128125
2 0.47578125 0.51484375 0.1 0.1015625
2 0.81875 0.4765625 0.125 0.071875
2 0.83046875 0.546875 0.0796875 0.13046875
2 0.903125 0.50703125 0.08671875 0.09140625
2 0.6890625 0.4984375 0.0609375 0.10546875
0 0.0984375 0.6390625 0.02109375 0.09453125
0 0.38359375 0.471875 0.03125 0.0890625
0 0.4734375 0.428125 0.0265625 0.0734375
0 0.3140625 0.20703125 0.01328125 0.06640625
0 0.609375 0.20625 0.01015625 0.06796875
0 0.621875 0.2171875 0.01328125 0.0625
0 0.8046875 0.30546875 0.01796875 0.078125
0 0.9 0.35546875 0.01484375 0.103125
0 0.88515625 0.33828125 0.0109375 0.07890625
0 0.8640625 0.3484375 0.01484375 0.0859375
0 0.8484375 0.3234375 0.01171875 0.075
0 0.8328125 0.32421875 0.01875 0.0875
0 0.5765625 0.19609375 0.01171875 0.05546875
2 0.975 0.56796875 0.04453125 0.11953125
2 0.428125 0.60234375 0.1140625 0.0875