2 0.534375 0.84296875 0.1296875 0.14375
2 0.6015625 0.6484375 0.0953125 0.1
2 0.534375 0.4046875 0.059375 0.059375
2 0.51015625 0.76015625 0.1703125 0.1671875
0 0.575 0.51953125 0.0359375 0.065625
2 0.49140625 0.57578125 0.06875 0.0828125
2 0.4359375 0.6 0.10625 0.13125
2 0.4953125 0.51171875 0.1125 0.10625
2 0.4140625 0.46328125 0.0640625 0.0703125
2 0.42265625 0.4296875 0.05625 0.071875
2 0.421875 0.3796875 0.046875 0.0546875
2 0.409375 0.2515625 0.06875 0.103125
2 0.4859375 0.2828125 0.0484375 0.0546875
2 0.82890625 0.628125 0.184375 0.14375
2 0.71875 0.28359375 0.1 0.0828125
2 0.5984375 0.2109375 0.05625 0.071875
2 0.61875 0.05546875 0.04375 0.0484375
2 0.315625 0.10546875 0.0453125 0.0390625
2 0.35078125 0.15546875 0.0765625 0.0484375
2 0.35859375 0.18984375 0.046875 0.05
2 0.37734375 0.35625 0.0515625 0.0484375
2 0.465625 0.3265625 0.05 0.046875
2 0.45703125 0.359375 0.059375 0.0625
2 0.52890625 0.35 0.05 0.04375
2 0.51875 0.37734375 0.0546875 0.0546875
2 0.534375 0.321875 0.05 0.05
2 0.51015625 0.3046875 0.046875 0.0609375
0 0.865625 0.54140625 0.0578125 0.1140625
0 0.8546875 0.60546875 0.05 0.0984375
0 0.9140625 0.60078125 0.0390625 0.0625
0 0.5296875 0.57421875 0.0375 0.0703125
0 0.46640625 0.5125 0.0390625 0.065625
0 0.45 0.41328125 0.0296875 0.0609375
0 0.4703125 0.39140625 0.0328125 0.0765625