2 0.946875 0.825 0.10625 0.165625
2 0.8828125 0.62734375 0.14375 0.146875
2 0.91953125 0.7 0.1609375 0.18125
2 0.65625 0.753125 0.14375 0.15
2 0.071875 0.64140625 0.115625 0.1140625
2 0.67421875 0.909375 0.1640625 0.15
2 0.64609375 0.653125 0.121875 0.1328125
2 0.19765625 0.5375 0.1 0.1015625
2 0.421875 0.68359375 0.13125 0.15625
2 0.90078125 0.659375 0.1578125 0.1578125
2 0.56640625 0.36015625 0.0890625 0.090625
2 0.7 0.27578125 0.0828125 0.084375
2 0.26171875 0.4546875 0.09375 0.096875
2 0.68671875 0.86484375 0.1640625 0.1734375
2 0.61796875 0.50390625 0.0921875 0.0953125
2 0.7625 0.40390625 0.1015625 0.125
2 0.1234375 0.59609375 0.0984375 0.096875
2 0.80234375 0.43203125 0.1109375 0.115625
2 0.81484375 0.50234375 0.1265625 0.146875
2 0.22890625 0.4984375 0.0828125 0.0828125
2 0.41484375 0.54296875 0.103125 0.103125
2 0.4171875 0.40078125 0.1 0.096875
2 0.42890625 0.8625 0.1453125 0.1578125
2 0.29765625 0.34140625 0.078125 0.0765625
2 0.603125 0.534375 0.109375 0.0953125
2 0.315625 0.40546875 0.0984375 0.1015625
2 0.68984375 0.253125 0.0828125 0.1015625
2 0.590625 0.4453125 0.0953125 0.1015625
2 0.409375 0.890625 0.1390625 0.1359375
2 0.346875 0.925 0.26875 0.15
2 0.38046875 0.2609375 0.0640625 0.06875
2 0.425 0.29140625 0.06875 0.0671875
2 0.4546875 0.33046875 0.06875 0.0609375
2 0.46015625 0.36484375 0.05625 0.065625
2 0.43515625 0.47734375 0.10625 0.1125
2 0.4171875 0.60078125 0.10625 0.103125
2 0.41484375 0.77890625 0.1453125 0.121875
2 0.63125 0.6015625 0.15 0.1671875
2 0.71953125 0.37890625 0.096875 0.10625
2 0.72734375 0.33984375 0.0875 0.0796875
2 0.72421875 0.3015625 0.0765625 0.059375
2 0.6640625 0.2359375 0.059375 0.0796875
2 0.64140625 0.234375 0.04375 0.071875
2 0.45625 0.25390625 0.0546875 0.065625
6 0.534375 0.21875 0.11875 0.178125