2 0.8765625 0.8171875 0.10859375 0.11875
2 0.6765625 0.6796875 0.06796875 0.07734375
2 0.8859375 0.71328125 0.07890625 0.09453125
2 0.6921875 0.575 0.0640625 0.08046875
2 0.584375 0.6015625 0.06875 0.06953125
2 0.5046875 0.52109375 0.0484375 0.06484375
2 0.5953125 0.51875 0.05078125 0.05078125
2 0.60078125 0.43828125 0.040625 0.04765625
2 0.5375 0.40390625 0.03828125 0.04765625
2 0.36875 0.60078125 0.059375 0.0625
6 0.57421875 0.784375 0.2171875 0.2390625
6 0.3109375 0.69296875 0.19296875 0.16171875
6 0.19921875 0.6390625 0.1140625 0.1953125
6 0.09375 0.5984375 0.10078125 0.18671875
2 0.478125 0.46640625 0.04609375 0.0484375
2 0.46640625 0.38125 0.0359375 0.03828125
2 0.48125 0.32421875 0.0296875 0.03203125
2 0.53125 0.36875 0.03359375 0.02890625
2 0.596875 0.37578125 0.03359375 0.02890625
2 0.625 0.48671875 0.04140625 0.05390625
2 0.58984375 0.27734375 0.0328125 0.03203125
2 0.5375 0.24453125 0.02421875 0.02890625
2 0.5046875 0.24609375 0.02109375 0.02578125
2 0.50078125 0.2640625 0.025 0.02578125
2 0.4921875 0.29765625 0.02421875 0.03671875
2 0.5234375 0.3234375 0.0296875 0.02734375
2 0.28203125 0.61875 0.0546875 0.0625
2 0.26796875 0.5609375 0.0515625 0.06328125
2 0.2390625 0.5234375 0.05859375 0.0671875
2 0.24140625 0.47578125 0.040625 0.03671875
2 0.16875 0.4890625 0.04609375 0.06328125
2 0.1875 0.44765625 0.0375 0.03671875
2 0.203125 0.421875 0.03828125 0.04765625
2 0.2203125 0.40703125 0.03046875 0.0453125
2 0.228125 0.38359375 0.03203125 0.05
2 0.265625 0.35078125 0.0296875 0.0390625
2 0.265625 0.434375 0.04140625 0.05625
2 0.28203125 0.4015625 0.03125 0.04609375
2 0.31015625 0.371875 0.028125 0.03671875
2 0.33359375 0.425 0.040625 0.0484375
2 0.32421875 0.46015625 0.0375 0.03125
2 0.325 0.50546875 0.05078125 0.04609375
2 0.325 0.5453125 0.04765625 0.05390625
2 0.334375 0.5671875 0.04140625 0.0625
2 0.56875 0.196875 0.02265625 0.0359375
2 0.35859375 0.3890625 0.028125 0.034375
2 0.3453125 0.40703125 0.02890625 0.040625
2 0.3734375 0.3640625 0.02890625 0.034375
2 0.38125 0.3421875 0.02265625 0.02734375
2 0.40390625 0.30625 0.0234375 0.03125
2 0.415625 0.28203125 0.02265625 0.02890625
2 0.3203125 0.3578125 0.02578125 0.03203125
2 0.2796875 0.3359375 0.02578125 0.03671875
2 0.36875 0.2953125 0.01328125 0.0390625
2 0.3453125 0.31640625 0.03046875 0.0234375
2 0.42734375 0.24921875 0.0234375 0.02734375
6 0.43125 0.1796875 0.0203125 0.05390625
6 0.38125 0.1828125 0.0265625 0.05078125