2 0.6671875 0.53515625 0.1421875 0.1515625
2 0.59921875 0.81484375 0.19375 0.25625
2 0.5421875 0.61015625 0.1453125 0.2
4 0.128125 0.38125 0.1390625 0.2
2 0.9203125 0.8359375 0.159375 0.221875
2 0.3171875 0.31328125 0.0828125 0.103125
2 0.5078125 0.46484375 0.1234375 0.171875
6 0.2796875 0.71875 0.2890625 0.5390625
2 0.8359375 0.65703125 0.1671875 0.225
2 0.07109375 0.63828125 0.125 0.146875
2 0.69921875 0.4375 0.1140625 0.128125
2 0.76875 0.6015625 0.125 0.1625
4 0.221875 0.16953125 0.06875 0.090625
2 0.73828125 0.28671875 0.0796875 0.090625
2 0.8765625 0.4390625 0.1171875 0.146875
2 0.06328125 0.78203125 0.075 0.159375
2 0.85703125 0.390625 0.1046875 0.121875
2 0.1703125 0.29609375 0.0671875 0.1
2 0.1765625 0.2390625 0.046875 0.046875
2 0.30625 0.23359375 0.05625 0.0625
2 0.67421875 0.384375 0.096875 0.1171875
2 0.64296875 0.35546875 0.0921875 0.128125
2 0.61171875 0.3296875 0.0828125 0.1125
2 0.57578125 0.28515625 0.0671875 0.0859375
2 0.54609375 0.24296875 0.0609375 0.078125
2 0.69375 0.240625 0.059375 0.0625
2 0.66953125 0.23515625 0.0609375 0.0734375
2 0.65078125 0.2203125 0.053125 0.0625
2 0.64140625 0.1953125 0.0546875 0.0671875
2 0.62421875 0.17578125 0.0625 0.0671875
2 0.5796875 0.17109375 0.0421875 0.0578125
2 0.78671875 0.30625 0.0875 0.084375
2 0.79609375 0.36640625 0.0890625 0.1015625
2 0.9546875 0.49296875 0.090625 0.1484375
2 0.5046875 0.115625 0.0421875 0.0546875
2 0.40546875 0.2015625 0.0640625 0.06875
2 0.4203125 0.24296875 0.0734375 0.084375
2 0.2984375 0.19375 0.0515625 0.0609375
2 0.3203125 0.17890625 0.0359375 0.05
2 0.46953125 0.15859375 0.0515625 0.065625
2 0.4796875 0.18203125 0.0421875 0.053125
2 0.51328125 0.1953125 0.08125 0.065625
2 0.4734375 0.09296875 0.03125 0.0375
6 0.37421875 0.11640625 0.0671875 0.121875
6 0.4671875 0.31953125 0.1265625 0.171875
2 0.5578125 0.11484375 0.0421875 0.046875
2 0.43828125 0.128125 0.028125 0.0375
2 0.27421875 0.11796875 0.0265625 0.028125