2 0.55546875 0.83984375 0.1015625 0.121875
2 0.440625 0.66953125 0.0765625 0.0828125
2 0.4421875 0.4171875 0.04921875 0.04765625
2 0.5578125 0.75390625 0.13984375 0.1359375
0 0.4328125 0.53828125 0.02109375 0.06171875
2 0.528125 0.57109375 0.05234375 0.07109375
2 0.5875 0.5796875 0.07890625 0.11484375
2 0.5078125 0.51015625 0.09296875 0.08515625
2 0.5734375 0.4421875 0.05078125 0.059375
2 0.55625 0.4125 0.04140625 0.0640625
2 0.54453125 0.36328125 0.0359375 0.04765625
2 0.5234375 0.23671875 0.04609375 0.09375
2 0.4578125 0.28671875 0.03828125 0.046875
2 0.215625 0.70859375 0.16328125 0.10546875
2 0.2328125 0.34765625 0.08671875 0.06328125
2 0.3296875 0.24609375 0.04140625 0.06328125
2 0.2703125 0.1015625 0.03515625 0.040625
2 0.57578125 0.07109375 0.0390625 0.03046875
2 0.5546875 0.12890625 0.07109375 0.03046875
2 0.55625 0.1640625 0.03671875 0.0421875
2 0.58125 0.3296875 0.04375 0.03828125
2 0.48828125 0.3234375 0.0421875 0.0375
2 0.50546875 0.353125 0.046875 0.05234375
2 0.43359375 0.3625 0.0421875 0.03359375
2 0.45 0.38671875 0.0453125 0.04453125
2 0.4203125 0.33671875 0.040625 0.040625
2 0.43984375 0.3140625 0.034375 0.05390625
0 0.1578125 0.634375 0.03046875 0.11015625
0 0.184375 0.69375 0.02578125 0.09453125
0 0.1265625 0.7046875 0.02421875 0.05859375
0 0.490625 0.5796875 0.0203125 0.06796875
0 0.5359375 0.503125 0.02421875 0.0609375
0 0.52578125 0.403125 0.015625 0.05859375
0 0.50078125 0.3875 0.0140625 0.075