2 0.88125 0.6375 0.1640625 0.178125
2 0.8109375 0.59765625 0.1578125 0.17265625
2 0.115625 0.596875 0.20234375 0.24140625
0 0.4109375 0.6828125 0.10546875 0.41171875
2 0.68671875 0.57421875 0.1109375 0.11484375
2 0.0546875 0.6703125 0.10859375 0.2625
2 0.29453125 0.57265625 0.0921875 0.11171875
2 0.8390625 0.61875 0.14609375 0.165625
2 0.953125 0.7015625 0.09140625 0.26171875
2 0.4828125 0.53515625 0.07109375 0.09296875
2 0.346875 0.54296875 0.04609375 0.084375
2 0.2109375 0.590625 0.04921875 0.17578125
2 0.2515625 0.5859375 0.046875 0.13046875