2 0.5796875 0.65546875 0.165625 0.1828125
2 0.31484375 0.70390625 0.271875 0.3640625
2 0.8734375 0.60859375 0.2140625 0.2203125
2 0.69140625 0.5890625 0.1203125 0.1578125
2 0.49765625 0.61640625 0.065625 0.0828125
2 0.76484375 0.56015625 0.075 0.0875
2 0.54375 0.5515625 0.0421875 0.0515625
2 0.484375 0.5546875 0.04375 0.059375
2 0.44921875 0.56640625 0.0328125 0.0375
2 0.4328125 0.59609375 0.0296875 0.05625
6 0.36953125 0.5578125 0.1265625 0.190625
6 0.6125 0.515625 0.10625 0.1734375
6 0.52109375 0.52421875 0.04375 0.08125
6 0.690625 0.4984375 0.046875 0.059375
2 0.9703125 0.73671875 0.059375 0.4234375