0 0.73203125 0.77890625 0.1734375 0.3859375
2 0.43359375 0.7328125 0.3328125 0.4609375
2 0.66875 0.603125 0.190625 0.2390625
2 0.87109375 0.6078125 0.2 0.2109375
2 0.090625 0.73203125 0.18125 0.3703125
2 0.39921875 0.5078125 0.1359375 0.1828125
2 0.74765625 0.5 0.1 0.1453125
2 0.83515625 0.53515625 0.1578125 0.171875
6 0.20703125 0.50703125 0.2703125 0.4078125
2 0.27109375 0.6890625 0.178125 0.3359375
2 0.4984375 0.490625 0.1234375 0.1140625
2 0.58984375 0.48203125 0.046875 0.11875
2 0.67109375 0.4921875 0.1234375 0.128125
2 0.87109375 0.43046875 0.0953125 0.1046875