0 0.5515625 0.56875 0.1984375 0.39375
2 0.36328125 0.48125 0.25 0.321875
0 0.76640625 0.44296875 0.0703125 0.140625
2 0.115625 0.63515625 0.23125 0.5890625
2 0.65703125 0.4296875 0.1078125 0.1453125
2 0.475 0.409375 0.0703125 0.115625
2 0.19453125 0.53359375 0.303125 0.4
2 0.540625 0.3671875 0.0921875 0.10625
2 0.64453125 0.35703125 0.053125 0.05
2 0.7640625 0.40703125 0.0953125 0.1171875
0 0.08828125 0.3171875 0.053125 0.0796875
0 0.87734375 0.38984375 0.034375 0.0578125
2 0.92734375 0.54453125 0.1453125 0.2765625
2 0.86796875 0.52578125 0.109375 0.203125
2 0.8265625 0.5125 0.0828125 0.175