2 0.8125 0.578125 0.253125 0.2515625
2 0.0796875 0.5734375 0.159375 0.178125
0 0.3515625 0.5890625 0.115625 0.31875
2 0.4796875 0.5109375 0.0515625 0.0609375
2 0.171875 0.51171875 0.1078125 0.16875
2 0.22578125 0.50625 0.071875 0.1234375
2 0.284375 0.50390625 0.0578125 0.09375
2 0.009375 0.6265625 0.01875 0.26875
2 0.66796875 0.54921875 0.0875 0.15
2 0.54296875 0.51875 0.059375 0.0703125
2 0.5046875 0.51328125 0.0328125 0.0640625
0 0.60390625 0.5796875 0.103125 0.309375
0 0.42109375 0.52109375 0.059375 0.184375
0 0.39609375 0.50546875 0.0171875 0.053125