2 0.640625 0.7953125 0.14609375 0.12265625
2 0.0671875 0.428125 0.059375 0.071875
2 0.49296875 0.72265625 0.121875 0.1171875
2 0.4046875 0.77890625 0.12578125 0.11484375
2 0.4609375 0.2921875 0.07890625 0.05078125
4 0.4015625 0.13046875 0.06484375 0.065625
2 0.57109375 0.84453125 0.1734375 0.12890625
2 0.72890625 0.69453125 0.1125 0.1140625
2 0.1171875 0.95390625 0.17578125 0.090625
0 0.5140625 0.9328125 0.06953125 0.1328125
2 0.7703125 0.65859375 0.1203125 0.11875
2 0.6875 0.75078125 0.140625 0.11875
2 0.409375 0.940625 0.15859375 0.11796875
2 0.05546875 0.97265625 0.1109375 0.04921875
4 0.1328125 0.375 0.1546875 0.13046875
2 0.5296875 0.684375 0.09296875 0.096875
2 0.80546875 0.47734375 0.0890625 0.08359375
2 0.6203125 0.61640625 0.090625 0.08515625
2 0.8078125 0.59609375 0.09140625 0.09921875
2 0.0265625 0.425 0.053125 0.115625
2 0.1828125 0.91484375 0.18125 0.12421875
2 0.6390625 0.46015625 0.090625 0.06015625
2 0.60703125 0.44140625 0.0765625 0.0796875
2 0.3015625 0.96640625 0.18828125 0.065625
0 0.4828125 0.39140625 0.02109375 0.06328125
2 0.6390625 0.13359375 0.03359375 0.03046875
2 0.571875 0.134375 0.03203125 0.0296875
2 0.621875 0.159375 0.0375 0.0328125
2 0.62265625 0.22578125 0.046875 0.04921875
2 0.6265625 0.2453125 0.03359375 0.0328125
2 0.6 0.2109375 0.03984375 0.0484375
2 0.56875 0.19921875 0.02421875 0.0375
2 0.54921875 0.1875 0.01875 0.05
2 0.5359375 0.18359375 0.01171875 0.0375
2 0.5078125 0.221875 0.04375 0.03203125
2 0.5171875 0.23828125 0.03828125 0.02578125
2 0.521875 0.275 0.04453125 0.04609375
2 0.4734375 0.209375 0.01015625 0.0265625
2 0.48125 0.21328125 0.01015625 0.03359375
2 0.4671875 0.2015625 0.0140625 0.040625
2 0.35625 0.31953125 0.03984375 0.05078125
2 0.32109375 0.3234375 0.059375 0.046875
2 0.29140625 0.3296875 0.028125 0.04296875
2 0.246875 0.334375 0.06640625 0.046875
2 0.22734375 0.359375 0.05 0.0484375
2 0.20625 0.38359375 0.02578125 0.065625
2 0.371875 0.0484375 0.02890625 0.021875
2 0.3453125 0.0609375 0.02421875 0.01796875
2 0.41015625 0.05703125 0.0234375 0.02265625
2 0.34140625 0.09453125 0.025 0.03046875
2 0.415625 0.15546875 0.0125 0.025
2 0.43828125 0.171875 0.009375 0.025
2 0.4484375 0.18359375 0.0125 0.0328125
2 0.5375 0.103125 0.02421875 0.0203125
2 0.540625 0.075 0.03046875 0.02578125
2 0.61875 0.02890625 0.02578125 0.02265625
2 0.5484375 0.12265625 0.01796875 0.02421875
2 0.7625 0.41015625 0.09609375 0.1015625
2 0.653125 0.55078125 0.09140625 0.0703125
2 0.6515625 0.58515625 0.07734375 0.0703125
2 0.60625 0.62890625 0.0859375 0.06171875
2 0.5765625 0.66015625 0.06640625 0.09453125
2 0.3625 0.80234375 0.11171875 0.12578125
2 0.27109375 0.846875 0.16875 0.14609375
0 0.5625 0.92578125 0.05234375 0.1375
6 0.7078125 0.3015625 0.1203125 0.1890625
6 0.58671875 0.3125 0.0984375 0.11640625
6 0.621875 0.37578125 0.10390625 0.10234375
6 0.3734375 0.10859375 0.04140625 0.05859375