2 0.26484375 0.93671875 0.1421875 0.1265625
2 0.50625 0.8640625 0.125 0.1203125
2 0.63515625 0.67578125 0.08125 0.0859375
2 0.1046875 0.57265625 0.10625 0.0859375
2 0.16640625 0.81875 0.1375 0.11875
2 0.2953125 0.6984375 0.10625 0.1
2 0.571875 0.76953125 0.0921875 0.096875
2 0.02890625 0.61171875 0.05 0.071875
2 0.6671875 0.60859375 0.0640625 0.071875
2 0.496875 0.96953125 0.121875 0.0609375
2 0.125 0.93046875 0.159375 0.1359375
2 0.24609375 0.8375 0.1234375 0.103125
2 0.53984375 0.6640625 0.090625 0.090625
2 0.028125 0.51875 0.0546875 0.06875
2 0.38671875 0.8203125 0.1015625 0.0953125
2 0.36796875 0.73203125 0.103125 0.090625
2 0.38046875 0.63046875 0.0859375 0.0703125
2 0.44921875 0.56484375 0.0828125 0.0640625
2 0.46015625 0.6296875 0.08125 0.08125
2 0.48828125 0.7296875 0.0734375 0.1203125
2 0.521875 0.5625 0.065625 0.0734375
2 0.6015625 0.58671875 0.0640625 0.065625
2 0.64375 0.52890625 0.059375 0.071875
2 0.73828125 0.51953125 0.0625 0.0734375
2 0.7734375 0.46328125 0.0484375 0.0546875
2 0.80390625 0.4171875 0.05 0.0625
2 0.828125 0.3703125 0.0421875 0.05
2 0.7484375 0.38203125 0.0515625 0.0484375
2 0.715625 0.4359375 0.0671875 0.0703125
2 0.62734375 0.4640625 0.065625 0.046875
2 0.57265625 0.5171875 0.065625 0.0578125
2 0.521875 0.48828125 0.0671875 0.046875
2 0.5765625 0.43671875 0.059375 0.05
2 0.6234375 0.38359375 0.0609375 0.0546875
2 0.66328125 0.33984375 0.0515625 0.0515625
2 0.70234375 0.2953125 0.0484375 0.046875
2 0.75390625 0.30546875 0.0421875 0.05
2 0.79453125 0.31640625 0.0421875 0.0484375
2 0.81875 0.28828125 0.034375 0.04375
2 0.76953125 0.2671875 0.034375 0.0328125
2 0.75390625 0.24140625 0.040625 0.0359375
2 0.78125 0.21796875 0.034375 0.0421875
2 0.80546875 0.1859375 0.03125 0.03125
2 0.88046875 0.29609375 0.0359375 0.0546875
2 0.89609375 0.259375 0.0328125 0.0484375
2 0.83984375 0.26015625 0.03125 0.0453125
2 0.91796875 0.2375 0.0296875 0.040625
2 0.89609375 0.2 0.0203125 0.0359375
2 0.87734375 0.20859375 0.0203125 0.0265625
2 0.84609375 0.196875 0.025 0.0328125
2 0.93671875 0.20390625 0.0234375 0.034375
2 0.91875 0.1625 0.025 0.0234375
2 0.88828125 0.115625 0.0265625 0.0328125