2 0.34375 0.7875 0.1515625 0.1296875
2 0.9359375 0.45078125 0.0625 0.075
2 0.4953125 0.72265625 0.128125 0.1234375
2 0.58046875 0.78359375 0.13125 0.121875
2 0.55 0.29453125 0.08125 0.0546875
4 0.61796875 0.1359375 0.06875 0.06875
2 0.4109375 0.840625 0.1796875 0.1375
2 0.2609375 0.68203125 0.11875 0.1203125
2 0.85859375 0.96171875 0.1796875 0.0765625
0 0.46328125 0.93125 0.0765625 0.1359375
2 0.221875 0.64453125 0.1265625 0.125
2 0.3 0.740625 0.146875 0.1265625
2 0.56640625 0.940625 0.1640625 0.11875
2 0.91953125 0.98359375 0.1140625 0.0328125
4 0.8734375 0.39453125 0.1609375 0.1390625
2 0.4609375 0.6828125 0.0984375 0.1015625
2 0.19609375 0.46171875 0.09375 0.0875
2 0.3734375 0.61015625 0.0953125 0.0890625
2 0.1875 0.5796875 0.096875 0.103125
2 0.9734375 0.45 0.053125 0.11875
2 0.7953125 0.93125 0.1875 0.1328125
2 0.36328125 0.453125 0.09375 0.0640625
2 0.39609375 0.4359375 0.08125 0.0828125
2 0.67265625 0.96875 0.1921875 0.0625
0 0.52265625 0.3921875 0.025 0.0640625
2 0.38046875 0.1265625 0.034375 0.0328125
2 0.44765625 0.13125 0.0328125 0.03125
2 0.39609375 0.153125 0.0390625 0.034375
2 0.3921875 0.21953125 0.05 0.0515625
2 0.38671875 0.2390625 0.0359375 0.034375
2 0.415625 0.20625 0.0421875 0.05
2 0.446875 0.19609375 0.0265625 0.0390625
2 0.4671875 0.18515625 0.021875 0.0515625
2 0.48046875 0.18203125 0.0140625 0.0375
2 0.50703125 0.221875 0.0453125 0.034375
2 0.496875 0.2375 0.0390625 0.028125
2 0.48984375 0.27421875 0.046875 0.0484375
2 0.54140625 0.2109375 0.0109375 0.0265625
2 0.53359375 0.21484375 0.0125 0.034375
2 0.5484375 0.20390625 0.015625 0.040625
2 0.653125 0.32734375 0.0421875 0.053125
2 0.68828125 0.3328125 0.0625 0.05
2 0.7171875 0.340625 0.0296875 0.04375
2 0.76171875 0.34765625 0.06875 0.05
2 0.7796875 0.37421875 0.053125 0.0515625
2 0.79921875 0.39921875 0.0296875 0.0671875
2 0.6515625 0.05546875 0.0296875 0.0234375
2 0.67734375 0.06953125 0.025 0.01875
2 0.61328125 0.0625 0.025 0.0234375
2 0.6796875 0.103125 0.0265625 0.03125
2 0.60234375 0.16015625 0.0140625 0.025
2 0.57890625 0.17578125 0.0109375 0.025
2 0.56796875 0.18671875 0.0140625 0.0328125
2 0.48359375 0.1015625 0.025 0.021875
2 0.48203125 0.0734375 0.03125 0.0265625
2 0.40625 0.0234375 0.0265625 0.0234375
2 0.47109375 0.1203125 0.01875 0.025
2 0.2421875 0.396875 0.1015625 0.10625
2 0.34453125 0.54296875 0.0953125 0.075
2 0.34453125 0.57734375 0.08125 0.075
2 0.3875 0.6234375 0.0890625 0.065625
2 0.41484375 0.65625 0.071875 0.0984375
2 0.621875 0.809375 0.11875 0.13125
2 0.71015625 0.85859375 0.1765625 0.1546875
0 0.415625 0.921875 0.059375 0.140625
6 0.303125 0.290625 0.1296875 0.1953125
6 0.4234375 0.30859375 0.1046875 0.121875
6 0.38515625 0.36953125 0.109375 0.1078125
6 0.646875 0.115625 0.04375 0.0609375