2 0.66484375 0.3875 0.1265625 0.16953125
4 0.43671875 0.2328125 0.165625 0.2984375
2 0.1109375 0.39140625 0.12734375 0.19609375
2 0.7 0.61796875 0.2125 0.3984375
2 0.80703125 0.71015625 0.2703125 0.47890625
2 0.79375 0.3890625 0.128125 0.17890625
2 0.5984375 0.315625 0.09453125 0.14921875
2 0.3328125 0.4671875 0.12109375 0.278125
2 0.30859375 0.41796875 0.109375 0.26640625
2 0.234375 0.3515625 0.0796875 0.1875
2 0.35625 0.4859375 0.08515625 0.284375
2 0.16640625 0.21015625 0.065625 0.12265625
2 0.13046875 0.178125 0.0375 0.10234375
2 0.0734375 0.0921875 0.03515625 0.0703125
2 0.10859375 0.1734375 0.0203125 0.10234375
2 0.2625 0.1578125 0.046875 0.0671875
2 0.32578125 0.21328125 0.025 0.065625
2 0.4921875 0.56328125 0.20078125 0.3671875
2 0.4109375 0.51484375 0.0796875 0.303125
2 0.234375 0.1328125 0.03359375 0.075