2 0.77578125 0.6546875 0.15 0.1671875
2 0.2859375 0.4640625 0.05 0.071875
2 0.70859375 0.7484375 0.1671875 0.225
2 0.83359375 0.590625 0.159375 0.1625
2 0.2640625 0.58515625 0.0859375 0.128125
2 0.53515625 0.75625 0.1234375 0.2
2 0.45234375 0.47578125 0.0578125 0.0859375
2 0.49921875 0.42265625 0.0546875 0.0640625
2 0.16796875 0.88984375 0.2078125 0.2203125
2 0.4046875 0.396875 0.0515625 0.0625
2 0.35234375 0.4265625 0.0515625 0.078125
2 0.3625 0.57734375 0.071875 0.1140625
2 0.86796875 0.3171875 0.071875 0.075
2 0.37109375 0.8 0.1078125 0.2203125
2 0.5359375 0.371875 0.05625 0.078125
2 0.46328125 0.3484375 0.0359375 0.053125
2 0.4875 0.31953125 0.0328125 0.0484375
2 0.47734375 0.25859375 0.021875 0.028125
2 0.459375 0.2890625 0.0296875 0.0390625
2 0.43046875 0.2953125 0.0265625 0.034375
2 0.40625 0.3421875 0.025 0.028125
2 0.35234375 0.34609375 0.0296875 0.040625
2 0.2953125 0.38046875 0.0390625 0.0515625
2 0.29609375 0.33984375 0.028125 0.03125
2 0.29921875 0.3078125 0.025 0.0265625
2 0.34140625 0.30390625 0.0296875 0.0453125
2 0.328125 0.253125 0.0234375 0.0359375
2 0.821875 0.375 0.06875 0.0640625
2 0.9515625 0.35703125 0.0734375 0.0625
2 0.9578125 0.3875 0.065625 0.071875
2 0.94765625 0.43515625 0.0890625 0.1
2 0.7046875 0.41640625 0.05 0.0625
2 0.2765625 0.278125 0.0234375 0.03125
2 0.2984375 0.26015625 0.0203125 0.0296875
2 0.39765625 0.31484375 0.028125 0.0359375
2 0.4140625 0.27578125 0.021875 0.025
2 0.41015625 0.2265625 0.0171875 0.0234375
2 0.43828125 0.22734375 0.0171875 0.021875
2 0.36484375 0.2265625 0.0171875 0.021875
6 0.60234375 0.35703125 0.196875 0.2484375
6 0.715625 0.2953125 0.0546875 0.1109375
6 0.76640625 0.29765625 0.075 0.109375
6 0.55078125 0.22578125 0.06875 0.0484375
6 0.49140625 0.20234375 0.0484375 0.046875
6 0.3984375 0.203125 0.0203125 0.0421875
6 0.4203125 0.20234375 0.021875 0.0453125