0 0.2234375 0.734375 0.11015625 0.371875
2 0.525 0.740625 0.26328125 0.421875
2 0.315625 0.571875 0.15625 0.21484375
2 0.115625 0.54140625 0.17109375 0.184375
2 0.89921875 0.80625 0.2 0.34140625
2 0.59765625 0.525 0.109375 0.165625
2 0.25625 0.45703125 0.078125 0.13359375
2 0.1640625 0.4765625 0.1328125 0.1515625
6 0.7875 0.5578125 0.2078125 0.37734375
2 0.69296875 0.72578125 0.125 0.31875
2 0.503125 0.49140625 0.10859375 0.09609375
2 0.41484375 0.46640625 0.028125 0.11484375
2 0.3328125 0.4625 0.10546875 0.11171875
2 0.146875 0.3671875 0.08046875 0.09140625