2 0.3390625 0.5578125 0.125 0.13515625
2 0.4453125 0.82578125 0.16171875 0.2359375
2 0.4734375 0.61484375 0.12109375 0.18515625
4 0.8515625 0.33046875 0.1140625 0.18671875
2 0.10234375 0.8953125 0.1875 0.1984375
2 0.6546875 0.28984375 0.07109375 0.09375
2 0.4875 0.46640625 0.10234375 0.15859375
6 0.7484375 0.6859375 0.2203125 0.51328125
2 0.1890625 0.70234375 0.13984375 0.2078125
2 0.94375 0.57734375 0.10703125 0.13359375
2 0.29375 0.465625 0.0984375 0.11484375
2 0.24765625 0.63828125 0.1046875 0.14921875
4 0.7296875 0.134375 0.0578125 0.08359375
2 0.234375 0.321875 0.06875 0.08203125
2 0.11875 0.4921875 0.09921875 0.13515625
2 0.971875 0.71875 0.05390625 0.15390625
2 0.13125 0.44140625 0.08984375 0.11015625
2 0.7984375 0.25234375 0.05390625 0.09375
2 0.784375 0.196875 0.040625 0.0421875
2 0.6546875 0.209375 0.04921875 0.05546875
2 0.31171875 0.409375 0.0828125 0.10703125
2 0.33828125 0.3765625 0.0765625 0.11875
2 0.365625 0.346875 0.06875 0.1046875
2 0.3953125 0.29765625 0.05703125 0.07890625
2 0.41875 0.2515625 0.05078125 0.071875
2 0.271875 0.2703125 0.05234375 0.05546875
2 0.2953125 0.2609375 0.0515625 0.0671875
2 0.31171875 0.24375 0.0453125 0.05625
2 0.3171875 0.21796875 0.04609375 0.0609375
2 0.33203125 0.19609375 0.0546875 0.0609375
2 0.375 0.18515625 0.03515625 0.053125
2 0.1890625 0.34765625 0.07734375 0.07421875
2 0.18828125 0.40859375 0.0765625 0.09140625
2 0.04375 0.5578125 0.08203125 0.13828125
2 0.4421875 0.1203125 0.03515625 0.05078125
2 0.55234375 0.19140625 0.05625 0.0609375
2 0.54296875 0.234375 0.0640625 0.0765625
2 0.65703125 0.16875 0.04375 0.05546875
2 0.63359375 0.15703125 0.0296875 0.04609375
2 0.4828125 0.1578125 0.04296875 0.06015625
2 0.47578125 0.18203125 0.0359375 0.04921875
2 0.44453125 0.2 0.075 0.05546875
2 0.46953125 0.09296875 0.0265625 0.034375
6 0.57109375 0.10234375 0.0515625 0.11640625
6 0.50703125 0.31640625 0.10625 0.15859375
2 0.3890625 0.1265625 0.03671875 0.04140625
2 0.509375 0.1234375 0.0234375 0.034375
2 0.6703125 0.090625 0.02265625 0.02578125