0 0.4296875 0.54921875 0.1859375 0.3921875
2 0.63515625 0.52421875 0.2421875 0.315625
0 0.2640625 0.36328125 0.0671875 0.1390625
2 0.85703125 0.73359375 0.2859375 0.5328125
2 0.37265625 0.38515625 0.1046875 0.1421875
2 0.55234375 0.42109375 0.0671875 0.1140625
2 0.78046875 0.6265625 0.2921875 0.39375
2 0.50234375 0.3609375 0.0890625 0.1046875
2 0.40703125 0.31953125 0.0515625 0.0484375
2 0.278125 0.3296875 0.0921875 0.1140625
0 0.9484375 0.453125 0.0515625 0.078125
0 0.175 0.278125 0.0328125 0.05625
2 0.07578125 0.40859375 0.14375 0.275
2 0.14140625 0.4109375 0.103125 0.2015625
2 0.1859375 0.4109375 0.078125 0.1734375