2 0.34765625 0.37109375 0.14375 0.18125
4 0.590625 0.240625 0.1953125 0.3140625
2 0.8984375 0.4328125 0.146875 0.2078125
2 0.2890625 0.59609375 0.253125 0.41875
2 0.17265625 0.6765625 0.31875 0.5046875
2 0.21953125 0.35859375 0.146875 0.190625
2 0.42109375 0.30625 0.109375 0.1578125
2 0.66953125 0.48515625 0.15 0.2890625
2 0.69921875 0.43828125 0.1359375 0.2765625
2 0.7796875 0.38046875 0.0984375 0.1953125
2 0.64453125 0.50078125 0.1140625 0.2921875
2 0.86171875 0.246875 0.078125 0.128125
2 0.90078125 0.21875 0.0484375 0.10625
2 0.9671875 0.1390625 0.0421875 0.0734375
2 0.9234375 0.21640625 0.03125 0.1046875
2 0.771875 0.184375 0.053125 0.071875
2 0.703125 0.2328125 0.03125 0.0671875
2 0.50078125 0.5640625 0.2375 0.3859375
2 0.58671875 0.52421875 0.1109375 0.309375
2 0.80234375 0.1625 0.040625 0.078125