2 0.859375 0.83671875 0.1140625 0.125
2 0.6671875 0.6890625 0.071875 0.08125
2 0.87421875 0.7328125 0.084375 0.0984375
2 0.68828125 0.58515625 0.06875 0.084375
2 0.57890625 0.60546875 0.071875 0.0734375
2 0.50390625 0.52109375 0.0515625 0.0671875
2 0.59453125 0.5234375 0.053125 0.053125
2 0.60390625 0.44375 0.04375 0.05
2 0.5421875 0.40625 0.040625 0.05
2 0.36328125 0.59375 0.0625 0.065625
6 0.559375 0.7875 0.2296875 0.25
6 0.30078125 0.6828125 0.2015625 0.171875
6 0.1921875 0.6234375 0.1234375 0.2015625
6 0.0890625 0.57734375 0.1109375 0.1921875
2 0.4796875 0.465625 0.0484375 0.0515625
2 0.47265625 0.3796875 0.0375 0.040625
2 0.490625 0.3234375 0.03125 0.0328125
2 0.53828125 0.3703125 0.034375 0.03125
2 0.603125 0.38125 0.034375 0.03125
2 0.62578125 0.49296875 0.04375 0.05625
2 0.6015625 0.28203125 0.034375 0.034375
2 0.55078125 0.246875 0.025 0.0296875
2 0.51796875 0.246875 0.021875 0.0265625
2 0.51328125 0.2640625 0.0265625 0.0265625
2 0.503125 0.29765625 0.0265625 0.0375
2 0.5328125 0.325 0.03125 0.028125
2 0.27578125 0.60703125 0.0578125 0.065625
2 0.26484375 0.5484375 0.0546875 0.065625
2 0.23828125 0.509375 0.0625 0.0703125
2 0.24296875 0.4625 0.0421875 0.0390625
2 0.16953125 0.471875 0.05 0.065625
2 0.190625 0.43125 0.0390625 0.0390625
2 0.2078125 0.40625 0.040625 0.05
2 0.22578125 0.3921875 0.0328125 0.046875
2 0.234375 0.36953125 0.034375 0.0515625
2 0.2734375 0.3390625 0.03125 0.040625
2 0.26953125 0.421875 0.04375 0.0578125
2 0.2875 0.390625 0.034375 0.0484375
2 0.3171875 0.3625 0.0296875 0.0375
2 0.3375 0.41640625 0.04375 0.05
2 0.3265625 0.45078125 0.0390625 0.0328125
2 0.325 0.49609375 0.053125 0.0484375
2 0.32265625 0.5359375 0.05 0.05625
2 0.33125 0.55859375 0.0453125 0.0640625
2 0.584375 0.20078125 0.025 0.0375
2 0.36484375 0.38203125 0.0296875 0.0359375
2 0.35 0.39921875 0.03125 0.0421875
2 0.38046875 0.3578125 0.03125 0.0359375
2 0.38984375 0.3359375 0.0234375 0.028125
2 0.4140625 0.3015625 0.025 0.0328125
2 0.42734375 0.278125 0.0234375 0.0296875
2 0.328125 0.3484375 0.028125 0.0328125
2 0.28828125 0.325 0.028125 0.0375
2 0.3796875 0.2890625 0.015625 0.0390625
2 0.35546875 0.30859375 0.03125 0.025
2 0.440625 0.24609375 0.025 0.028125
6 0.4484375 0.1765625 0.0234375 0.0546875
6 0.39765625 0.17734375 0.0296875 0.0515625