2 0.89375 0.92421875 0.14375 0.1375
2 0.84453125 0.71015625 0.11875 0.125
2 0.86796875 0.790625 0.1375 0.1546875
2 0.5953125 0.78203125 0.11875 0.128125
2 0.05078125 0.54140625 0.0984375 0.0953125
2 0.578125 0.9375 0.1421875 0.1234375
2 0.6078125 0.68203125 0.0984375 0.1140625
2 0.196875 0.46875 0.0828125 0.0859375
2 0.3828125 0.66171875 0.103125 0.1375
2 0.8546875 0.7453125 0.13125 0.13125
2 0.59609375 0.37890625 0.075 0.0765625
2 0.7453125 0.32578125 0.06875 0.0703125
2 0.278125 0.40234375 0.0765625 0.08125
2 0.6 0.89765625 0.1359375 0.146875
2 0.6140625 0.5296875 0.0765625 0.0796875
2 0.77734375 0.465625 0.0796875 0.1109375
2 0.1109375 0.509375 0.0828125 0.08125
2 0.81015625 0.5015625 0.0921875 0.0984375
2 0.80625 0.57265625 0.1015625 0.1296875
2 0.23671875 0.4375 0.0703125 0.0703125
2 0.40703125 0.52265625 0.0859375 0.0875
2 0.44140625 0.384375 0.084375 0.08125
2 0.35 0.83671875 0.11875 0.134375
2 0.33828125 0.3 0.065625 0.0640625
2 0.5921875 0.55703125 0.0953125 0.0765625
2 0.34140625 0.36640625 0.08125 0.0859375
2 0.740625 0.30234375 0.065625 0.0890625
2 0.60078125 0.4671875 0.078125 0.0875
2 0.32421875 0.86015625 0.1171875 0.1140625
2 0.246875 0.9140625 0.2375 0.171875
2 0.4375 0.23984375 0.0515625 0.059375
2 0.4734375 0.28046875 0.059375 0.05625
2 0.49375 0.32421875 0.059375 0.0484375
2 0.49140625 0.359375 0.0453125 0.0578125
2 0.44140625 0.46328125 0.0875 0.096875
2 0.396875 0.5796875 0.090625 0.0859375
2 0.3546875 0.75234375 0.128125 0.0953125
2 0.60546875 0.62890625 0.121875 0.1453125
2 0.74140625 0.43203125 0.078125 0.090625
2 0.7578125 0.39453125 0.075 0.065625
2 0.76328125 0.35703125 0.06875 0.0453125
2 0.71953125 0.2796875 0.0453125 0.071875
2 0.69765625 0.2734375 0.0296875 0.0671875
2 0.5125 0.25078125 0.0421875 0.0578125
6 0.596875 0.23359375 0.084375 0.1640625