0 0.4375 0.55859375 0.13515625 0.3765625
2 0.6375 0.50546875 0.203125 0.290625
0 0.24765625 0.39765625 0.0484375 0.13359375
2 0.8921875 0.70703125 0.2140625 0.56015625
2 0.3578125 0.40390625 0.08671875 0.13203125
2 0.540625 0.41484375 0.05234375 0.10859375
2 0.7953125 0.5859375 0.24453125 0.36328125
2 0.4828125 0.36171875 0.07734375 0.09453125
2 0.3828125 0.334375 0.04609375 0.04296875
2 0.25625 0.3625 0.078125 0.1046875
0 0.9375 0.39140625 0.04140625 0.0734375
0 0.14765625 0.32578125 0.025 0.05390625
2 0.0671875 0.46875 0.10859375 0.26171875
2 0.1328125 0.46171875 0.07734375 0.1921875
2 0.1765625 0.45546875 0.0546875 0.16796875