2 0.528125 0.57890625 0.146875 0.2203125
2 0.91484375 0.21796875 0.1109375 0.1734375
2 0.18671875 0.33359375 0.128125 0.165625
2 0.86953125 0.8625 0.1859375 0.275
2 0.88671875 0.13515625 0.1015625 0.1390625
2 0.37265625 0.3578125 0.1203125 0.1546875
2 0.115625 0.484375 0.140625 0.175
2 0.0984375 0.58984375 0.1484375 0.2234375
2 0.95078125 0.38046875 0.0984375 0.2515625
2 0.29296875 0.61015625 0.16875 0.24375
2 0.0578125 0.67734375 0.115625 0.2578125
2 0.34609375 0.44296875 0.1140625 0.1203125
2 0.6953125 0.6296875 0.24375 0.3546875
2 0.25625 0.26796875 0.109375 0.153125
2 0.2421875 0.8375 0.2171875 0.278125
2 0.4734375 0.45078125 0.946875 0.9015625
2 0.54609375 0.89375 0.1859375 0.2125
2 0.5140625 0.73046875 0.146875 0.20625
2 0.17109375 0.44765625 0.125 0.1984375
2 0.29765625 0.71796875 0.140625 0.16875
2 0.46640625 0.09609375 0.103125 0.153125
2 0.2515625 0.2078125 0.0890625 0.084375
2 0.4234375 0.32578125 0.1015625 0.15
2 0.615625 0.16640625 0.1265625 0.190625
2 0.60546875 0.084375 0.1046875 0.1265625
2 0.35234375 0.559375 0.1453125 0.253125
2 0.55546875 0.4359375 0.165625 0.2421875
2 0.584375 0.32578125 0.1296875 0.1578125
2 0.5921875 0.2609375 0.125 0.1453125
2 0.4421875 0.175 0.090625 0.08125
2 0.44453125 0.2609375 0.1015625 0.1453125
2 0.290625 0.10390625 0.0875 0.11875
2 0.27890625 0.1328125 0.0875 0.096875
2 0.2640625 0.153125 0.084375 0.0703125
2 0.9796875 0.575 0.040625 0.2