2 0.61328125 0.825 0.121875 0.1375
2 0.47109375 0.67734375 0.0890625 0.0953125
2 0.42890625 0.428125 0.05625 0.05625
2 0.60078125 0.73984375 0.1609375 0.1578125
0 0.440625 0.54921875 0.03125 0.0640625
2 0.53984375 0.56484375 0.0640625 0.0796875
2 0.6 0.56328125 0.096875 0.1265625
2 0.509375 0.50859375 0.10625 0.1
2 0.5625 0.43046875 0.0609375 0.0671875
2 0.53984375 0.40390625 0.0515625 0.0703125
2 0.5203125 0.3578125 0.04375 0.053125
2 0.47734375 0.23671875 0.0609375 0.1
2 0.42109375 0.29765625 0.0453125 0.053125
2 0.25625 0.7546875 0.1796875 0.1328125
2 0.21015625 0.39609375 0.096875 0.078125
2 0.28828125 0.2796875 0.0515625 0.06875
2 0.2046875 0.14765625 0.0421875 0.046875
2 0.5 0.0640625 0.04375 0.0375
2 0.4890625 0.125 0.075 0.0421875
2 0.496875 0.159375 0.04375 0.0484375
2 0.55078125 0.31796875 0.05 0.0453125
2 0.4578125 0.328125 0.0484375 0.04375
2 0.4796875 0.3546875 0.0546875 0.059375
2 0.4109375 0.37578125 0.046875 0.040625
2 0.43125 0.396875 0.053125 0.0515625
2 0.39296875 0.353125 0.046875 0.046875
2 0.40859375 0.32734375 0.04375 0.059375
0 0.18671875 0.69140625 0.0484375 0.1140625
0 0.22265625 0.7453125 0.0421875 0.096875
0 0.16796875 0.76640625 0.034375 0.0625
0 0.5046875 0.58046875 0.03125 0.0703125
0 0.5359375 0.496875 0.034375 0.0640625
0 0.50859375 0.4 0.025 0.0609375
0 0.48125 0.3890625 0.0265625 0.0765625