2 0.434375 0.66171875 0.15078125 0.1703125
2 0.70234375 0.68671875 0.2421875 0.34375
2 0.1375 0.640625 0.19765625 0.203125
2 0.3171875 0.60546875 0.10703125 0.14921875
2 0.5125 0.615625 0.05859375 0.07734375
2 0.24140625 0.5828125 0.06875 0.08203125
2 0.4609375 0.55546875 0.03828125 0.0484375
2 0.5203125 0.553125 0.03828125 0.05625
2 0.55625 0.56171875 0.03046875 0.03515625
2 0.575 0.58984375 0.02578125 0.05390625
6 0.63515625 0.54609375 0.1109375 0.18203125
6 0.3890625 0.525 0.0921875 0.16640625
6 0.48125 0.52578125 0.0375 0.07890625
6 0.31015625 0.51484375 0.0421875 0.05625
2 0.03515625 0.778125 0.0578125 0.41953125