2 0.2859375 0.77265625 0.159375 0.20625
2 0.478125 0.72265625 0.1046875 0.1203125
2 0.8796875 0.73515625 0.153125 0.20625
2 0.39296875 0.68046875 0.0609375 0.0734375
2 0.68203125 0.7015625 0.0984375 0.128125
2 0.9578125 0.75546875 0.071875 0.2328125
2 0.315625 0.63203125 0.0546875 0.0875
2 0.60234375 0.64609375 0.0640625 0.08125
2 0.6375 0.67734375 0.06875 0.0953125
2 0.54296875 0.5171875 0.0703125 0.05
2 0.4484375 0.59140625 0.053125 0.0484375
2 0.465625 0.6359375 0.046875 0.053125
2 0.415625 0.64140625 0.0546875 0.075
2 0.33125 0.5921875 0.09375 0.065625
2 0.346875 0.48046875 0.03125 0.0375
2 0.42109375 0.47265625 0.03125 0.0296875
2 0.36640625 0.4671875 0.0234375 0.028125
4 0.3875 0.53515625 0.065625 0.1109375
4 0.45546875 0.52578125 0.0625 0.0828125
2 0.68515625 0.60859375 0.0765625 0.0453125
2 0.665625 0.6 0.0640625 0.04375
2 0.62890625 0.5765625 0.0453125 0.0421875
2 0.60546875 0.5625 0.0390625 0.0328125