2 0.24296875 0.92734375 0.1359375 0.12421875
2 0.4875 0.8640625 0.11953125 0.1140625
2 0.62578125 0.6828125 0.0765625 0.0828125
2 0.1015625 0.5515625 0.10234375 0.08046875
2 0.15 0.80078125 0.13125 0.11171875
2 0.28515625 0.6875 0.1015625 0.09453125
2 0.5578125 0.77265625 0.08671875 0.0921875
2 0.0234375 0.58671875 0.04609375 0.0703125
2 0.6609375 0.6171875 0.06015625 0.06875
2 0.47265625 0.9703125 0.11875 0.05703125
2 0.103125 0.91015625 0.153125 0.128125
2 0.22890625 0.8234375 0.11875 0.09765625
2 0.53125 0.665625 0.08671875 0.0859375
2 0.028125 0.49375 0.05078125 0.06640625
2 0.3703125 0.8140625 0.09765625 0.08984375
2 0.35625 0.725 0.0984375 0.08515625
2 0.3734375 0.62421875 0.0828125 0.06640625
2 0.44609375 0.56171875 0.0796875 0.06015625
2 0.453125 0.62734375 0.07734375 0.07734375
2 0.4765625 0.72890625 0.06796875 0.11640625
2 0.51875 0.56328125 0.06171875 0.0703125
2 0.596875 0.5921875 0.06015625 0.0625
2 0.6421875 0.53671875 0.05546875 0.06875
2 0.73671875 0.53203125 0.059375 0.0703125
2 0.775 0.47734375 0.04609375 0.05234375
2 0.8078125 0.43359375 0.04765625 0.06015625
2 0.834375 0.3875 0.03984375 0.0484375
2 0.75390625 0.3953125 0.0484375 0.04609375
2 0.71875 0.44765625 0.0640625 0.06640625
2 0.62890625 0.47109375 0.0640625 0.04375
2 0.571875 0.52109375 0.06328125 0.05390625
2 0.52265625 0.4890625 0.065625 0.04296875
2 0.5796875 0.440625 0.05625 0.046875
2 0.6296875 0.38984375 0.05859375 0.05234375
2 0.67109375 0.3484375 0.0484375 0.04921875
2 0.7125 0.30625 0.04609375 0.04375
2 0.7640625 0.31875 0.03984375 0.0484375
2 0.80390625 0.33203125 0.0390625 0.046875
2 0.8296875 0.30546875 0.03203125 0.04140625
2 0.78125 0.28125 0.0328125 0.03125
2 0.7671875 0.2546875 0.03828125 0.03359375
2 0.7953125 0.2328125 0.03203125 0.040625
2 0.821875 0.20234375 0.03046875 0.03046875
2 0.890625 0.31640625 0.0328125 0.05234375
2 0.9078125 0.28046875 0.03046875 0.046875
2 0.8515625 0.278125 0.0296875 0.04453125
2 0.93125 0.259375 0.028125 0.0390625
2 0.9109375 0.22109375 0.01796875 0.034375
2 0.8921875 0.22890625 0.01953125 0.02578125
2 0.86171875 0.215625 0.0234375 0.03125
2 0.9515625 0.22734375 0.021875 0.03359375
2 0.9359375 0.18515625 0.02421875 0.02265625
2 0.9078125 0.13671875 0.02421875 0.03125