2 0.5453125 0.66875 0.1703125 0.1875
2 0.2765625 0.6609375 0.2828125 0.3703125
2 0.84296875 0.68359375 0.2203125 0.225
2 0.66875 0.62734375 0.125 0.1609375
2 0.4734375 0.61328125 0.0671875 0.084375
2 0.746875 0.6140625 0.078125 0.0890625
2 0.53203125 0.56015625 0.04375 0.053125
2 0.4734375 0.55 0.0453125 0.0609375
2 0.43671875 0.5546875 0.034375 0.0390625
2 0.41484375 0.5796875 0.0328125 0.05625
6 0.36015625 0.52890625 0.1328125 0.19375
6 0.60703125 0.53828125 0.1125 0.1765625
6 0.515625 0.528125 0.046875 0.0828125
6 0.68671875 0.5375 0.0484375 0.0609375
2 0.92734375 0.81015625 0.1078125 0.3796875